150, PA5-B-Output.txt, 6
76.6341  -37.1834   -9.9843  159.6028  -33.5675  101.9273
  -15.539   8.845   50.623   -15.539   8.845   50.623   0.000
  -18.938   -28.203   -36.003   -18.938   -28.203   -36.003   0.000
  19.908   23.861   -28.257   19.908   23.861   -28.257   0.000
  -28.459   6.629   -34.102   -28.459   6.629   -34.102   0.000
  -14.251   -25.919   -38.192   -14.251   -25.919   -38.192   0.000
  -19.217   -12.948   -44.851   -19.217   -12.948   -44.851   0.000
  -29.246   5.350   -35.109   -29.246   5.350   -35.109   0.000
  -6.842   -19.319   -9.070   -6.842   -19.319   -9.070   0.000
  26.609   -20.473   -12.830   26.609   -20.473   -12.830   0.000
  37.604   -11.780   -6.921   37.604   -11.780   -6.921   0.000
  -34.880   -22.342   -29.986   -34.880   -22.342   -29.986   0.000
  27.634   -2.031   25.439   27.634   -2.031   25.439   0.000
  -29.172   9.636   -19.599   -29.172   9.636   -19.599   0.000
  39.800   -2.009   9.672   39.800   -2.009   9.672   0.000
  20.740   -19.795   -24.584   20.740   -19.795   -24.584   0.000
  38.581   5.153   -19.398   38.581   5.153   -19.398   0.000
  37.357   -6.581   -23.249   37.357   -6.581   -23.249   0.000
  -30.623   -27.133   -27.778   -30.623   -27.133   -27.778   0.000
  6.065   17.220   59.627   6.065   17.220   59.627   0.000
  16.406   -18.059   -1.680   16.406   -18.059   -1.680   0.000
  25.899   -11.473   7.359   25.899   -11.473   7.359   0.000
  -16.643   18.363   19.723   -16.643   18.363   19.723   0.000
  -32.237   -0.122   -38.247   -32.237   -0.122   -38.247   0.000
  -14.437   11.047   -30.889   -14.437   11.047   -30.889   0.000
  -0.221   -15.180   -4.913   -0.221   -15.180   -4.913   0.000
  6.973   5.353   -19.884   6.973   5.353   -19.884   0.000
  35.006   -15.168   -14.634   35.006   -15.168   -14.634   0.000
  -14.664   -30.422   -17.223   -14.664   -30.422   -17.223   0.000
  37.636   -13.105   -14.091   37.636   -13.105   -14.091   0.000
  -5.713   17.066   -2.267   -5.713   17.066   -2.267   0.000
  4.687   12.059   -16.803   4.687   12.059   -16.803   0.000
  -11.868   -24.372   -38.570   -11.868   -24.372   -38.570   0.000
  -30.963   -0.793   -39.807   -30.963   -0.793   -39.807   0.000
  -23.634   -31.384   -22.384   -23.634   -31.384   -22.384   0.000
  -17.878   12.287   -19.697   -17.878   12.287   -19.697   0.000
  -18.224   -4.958   6.885   -18.224   -4.958   6.885   0.000
  -14.171   12.751   3.413   -14.171   12.751   3.413   0.000
  -38.801   -18.257   -18.190   -38.801   -18.257   -18.190   0.000
  -9.095   -10.546   17.477   -9.095   -10.546   17.477   0.000
  -14.374   -11.795   -0.037   -14.374   -11.795   -0.037   0.000
  -38.002   -7.434   -12.976   -38.002   -7.434   -12.976   0.000
  22.507   8.032   46.726   22.507   8.032   46.726   0.000
  -17.742   11.864   -29.840   -17.742   11.864   -29.840   0.000
  -1.794   -13.649   5.695   -1.794   -13.649   5.695   0.000
  1.415   19.953   -11.481   1.415   19.953   -11.481   0.000
  2.501   -7.273   -31.021   2.501   -7.273   -31.021   0.000
  28.848   17.793   -32.204   28.848   17.793   -32.204   0.000
  -18.990   12.279   -27.215   -18.990   12.279   -27.215   0.000
  -11.700   4.653   59.553   -11.700   4.653   59.553   0.000
  -23.170   18.437   22.449   -23.170   18.437   22.449   0.000
  -17.891   11.705   -29.919   -17.891   11.705   -29.919   0.000
  27.005   -20.157   -11.983   27.005   -20.157   -11.983   0.000
  27.941   -14.415   -2.285   27.941   -14.415   -2.285   0.000
  -14.771   -9.648   -46.013   -14.771   -9.648   -46.013   0.000
  -34.519   -6.306   -7.247   -34.519   -6.306   -7.247   0.000
  30.711   -18.344   -21.982   30.711   -18.344   -21.982   0.000
  23.844   -12.784   5.143   23.844   -12.784   5.143   0.000
  -26.039   -4.085   -8.685   -26.039   -4.085   -8.685   0.000
  12.397   21.132   -29.171   12.397   21.132   -29.171   0.000
  22.580   22.943   -33.535   22.580   22.943   -33.535   0.000
  9.663   23.096   -20.429   9.663   23.096   -20.429   0.000
  -15.668   -31.836   -22.857   -15.668   -31.836   -22.857   0.000
  -14.526   2.985   44.358   -14.526   2.985   44.358   0.000
  38.177   15.729   -8.099   38.177   15.729   -8.099   0.000
  42.480   -6.413   -18.786   42.480   -6.413   -18.786   0.000
  3.181   -17.007   -28.478   3.181   -17.007   -28.478   0.000
  -22.419   18.267   27.489   -22.419   18.267   27.489   0.000
  20.469   18.304   -38.068   20.469   18.304   -38.068   0.000
  -39.592   -16.485   -22.068   -39.592   -16.485   -22.068   0.000
  -37.641   -14.961   -32.903   -37.641   -14.961   -32.903   0.000
  -15.688   7.071   55.413   -15.688   7.071   55.413   0.000
  -36.133   -22.352   -23.860   -36.133   -22.352   -23.860   0.000
  -11.660   1.248   -41.715   -11.660   1.248   -41.715   0.000
  13.311   -9.056   42.665   13.311   -9.056   42.665   0.000
  -0.424   -20.186   -25.893   -0.424   -20.186   -25.893   0.000
  16.260   -22.206   -18.619   16.260   -22.206   -18.619   0.000
  25.837   -2.397   28.750   25.837   -2.397   28.750   0.000
  0.751   -11.221   19.071   0.751   -11.221   19.071   0.000
  -1.691   -20.273   -34.985   -1.691   -20.273   -34.985   0.000
  -31.597   3.746   -34.226   -31.597   3.746   -34.226   0.000
  -22.374   -2.458   -44.095   -22.374   -2.458   -44.095   0.000
  17.401   15.185   59.491   17.401   15.185   59.491   0.000
  -40.639   -3.458   -19.943   -40.639   -3.458   -19.943   0.000
  -22.438   2.797   11.449   -22.438   2.797   11.449   0.000
  13.276   -6.993   -28.052   13.276   -6.993   -28.052   0.000
  -1.583   -3.039   -31.924   -1.583   -3.039   -31.924   0.000
  -36.881   -17.882   -35.028   -36.881   -17.882   -35.028   0.000
  18.791   17.506   -39.396   18.791   17.506   -39.396   0.000
  -4.494   -23.944   -34.576   -4.494   -23.944   -34.576   0.000
  -10.948   -28.914   -30.900   -10.948   -28.914   -30.900   0.000
  38.784   -11.666   -17.149   38.784   -11.666   -17.149   0.000
  13.198   24.753   -8.273   13.198   24.753   -8.273   0.000
  -14.302   8.038   -8.873   -14.302   8.038   -8.873   0.000
  2.152   -11.907   14.563   2.152   -11.907   14.563   0.000
  -23.356   -10.982   -3.212   -23.356   -10.982   -3.212   0.000
  -28.306   -5.047   -42.632   -28.306   -5.047   -42.632   0.000
  -25.778   0.971   -11.787   -25.778   0.971   -11.787   0.000
  -13.303   -2.620   -43.600   -13.303   -2.620   -43.600   0.000
  20.861   1.032   47.071   20.861   1.032   47.071   0.000
  -16.547   7.152   -13.844   -16.547   7.152   -13.844   0.000
  -12.295   10.783   -22.108   -12.295   10.783   -22.108   0.000
  -3.503   -22.134   -36.463   -3.503   -22.134   -36.463   0.000
  35.156   11.697   -27.781   35.156   11.697   -27.781   0.000
  -13.345   12.267   59.215   -13.345   12.267   59.215   0.000
  -40.431   -9.366   -18.093   -40.431   -9.366   -18.093   0.000
  -37.581   -18.988   -27.292   -37.581   -18.988   -27.292   0.000
  21.759   -12.116   8.882   21.759   -12.116   8.882   0.000
  -9.936   -19.768   -9.696   -9.936   -19.768   -9.696   0.000
  5.326   -10.151   56.938   5.326   -10.151   56.938   0.000
  -29.651   -15.981   -42.278   -29.651   -15.981   -42.278   0.000
  -23.177   -23.932   -39.411   -23.177   -23.932   -39.411   0.000
  8.769   23.544   -2.217   8.769   23.544   -2.217   0.000
  -12.808   -16.587   -5.718   -12.808   -16.587   -5.718   0.000
  23.359   13.582   29.525   23.359   13.582   29.525   0.000
  28.182   -10.338   7.657   28.182   -10.338   7.657   0.000
  -3.474   -23.606   -28.655   -3.474   -23.606   -28.655   0.000
  -40.575   -13.193   -18.684   -40.575   -13.193   -18.684   0.000
  40.914   13.554   2.048   40.914   13.554   2.048   0.000
  25.293   19.707   3.034   25.293   19.707   3.034   0.000
  22.910   -17.257   -4.778   22.910   -17.257   -4.778   0.000
  -26.180   -22.824   -40.463   -26.180   -22.824   -40.463   0.000
  11.771   20.554   58.315   11.771   20.554   58.315   0.000
  -8.573   -26.345   -33.457   -8.573   -26.345   -33.457   0.000
  -21.094   0.668   5.271   -21.094   0.668   5.271   0.000
  12.088   12.393   -25.841   12.088   12.393   -25.841   0.000
  35.406   -13.598   -24.837   35.406   -13.598   -24.837   0.000
  -9.326   -9.654   -44.091   -9.326   -9.654   -44.091   0.000
  16.823   -8.522   36.373   16.823   -8.522   36.373   0.000
  -35.062   -21.833   -30.624   -35.062   -21.833   -30.624   0.000
  31.301   9.654   15.970   31.301   9.654   15.970   0.000
  25.539   21.516   -32.308   25.539   21.516   -32.308   0.000
  -5.808   19.196   49.042   -5.808   19.196   49.042   0.000
  -10.536   18.006   43.323   -10.536   18.006   43.323   0.000
  -21.214   -31.931   -23.585   -21.214   -31.931   -23.585   0.000
  -36.263   3.714   -26.508   -36.263   3.714   -26.508   0.000
  13.794   -16.717   -24.681   13.794   -16.717   -24.681   0.000
  -9.982   -13.439   -0.734   -9.982   -13.439   -0.734   0.000
  -30.299   -26.371   -32.606   -30.299   -26.371   -32.606   0.000
  -9.378   -24.752   -37.479   -9.378   -24.752   -37.479   0.000
  -38.602   -17.223   -23.102   -38.602   -17.223   -23.102   0.000
  -37.939   -7.107   -12.836   -37.939   -7.107   -12.836   0.000
  -31.202   -26.278   -31.061   -31.202   -26.278   -31.061   0.000
  37.756   6.436   -20.976   37.756   6.436   -20.976   0.000
  -5.732   -18.460   -7.514   -5.732   -18.460   -7.514   0.000
  33.628   10.913   10.661   33.628   10.913   10.661   0.000
  -7.445   7.460   -24.586   -7.445   7.460   -24.586   0.000
  -16.531   -16.169   -4.304   -16.531   -16.169   -4.304   0.000
  -28.210   -25.387   -12.779   -28.210   -25.387   -12.779   0.000
  -2.804   -2.446   -39.465   -2.804   -2.446   -39.465   0.000
  24.540   12.841   -39.412   24.540   12.841   -39.412   0.000