150, PA5-D-Output.txt, 6
76.6341  -37.1834   -9.9843  159.6028  -33.5675  101.9273
  -37.284   -25.028   -39.584   -37.284   -25.028   -39.584   0.000
  23.089   12.725   -19.642   23.089   12.725   -19.642   0.000
  -0.941   22.671   9.242   -0.941   22.671   9.242   0.000
  22.383   -1.353   -28.107   22.383   -1.353   -28.107   0.000
  2.829   10.847   -16.136   2.829   10.847   -16.136   0.000
  -36.015   2.173   -32.292   -36.015   2.173   -32.292   0.000
  -13.104   20.275   35.647   -13.104   20.275   35.647   0.000
  -2.722   27.066   33.737   -2.722   27.066   33.737   0.000
  -21.624   -0.545   -50.381   -21.624   -0.545   -50.381   0.000
  31.011   -4.555   0.240   31.011   -4.555   0.240   0.000
  29.884   -8.941   -5.312   29.884   -8.941   -5.312   0.000
  -16.576   23.411   35.033   -16.576   23.411   35.033   0.000
  -15.331   4.724   -15.871   -15.331   4.724   -15.871   0.000
  -3.265   -24.340   -35.681   -3.265   -24.340   -35.681   0.000
  17.765   -2.900   63.087   17.765   -2.900   63.087   0.000
  7.725   23.949   38.620   7.725   23.949   38.620   0.000
  13.403   -4.986   39.229   13.403   -4.986   39.229   0.000
  30.305   -5.844   6.742   30.305   -5.844   6.742   0.000
  12.093   -7.504   9.538   12.093   -7.504   9.538   0.000
  -9.778   -31.099   -37.925   -9.778   -31.099   -37.925   0.000
  -16.237   -5.491   -53.006   -16.237   -5.491   -53.006   0.000
  -27.749   7.652   -32.770   -27.749   7.652   -32.770   0.000
  -8.074   4.530   36.959   -8.074   4.530   36.959   0.000
  -36.031   -26.351   -29.384   -36.031   -26.351   -29.384   0.000
  -23.259   7.187   -25.315   -23.259   7.187   -25.315   0.000
  25.483   -3.831   27.037   25.483   -3.831   27.037   0.000
  -25.225   -6.754   -51.762   -25.225   -6.754   -51.762   0.000
  -37.137   -1.469   -27.608   -37.137   -1.469   -27.608   0.000
  -14.095   -27.592   -18.757   -14.095   -27.592   -18.757   0.000
  29.780   7.833   -7.438   29.780   7.833   -7.438   0.000
  -29.259   -27.678   -20.596   -29.259   -27.678   -20.596   0.000
  16.980   18.286   34.186   16.980   18.286   34.186   0.000
  -2.642   -14.429   -44.662   -2.642   -14.429   -44.662   0.000
  -1.033   -17.055   -40.481   -1.033   -17.055   -40.481   0.000
  25.222   2.498   -24.513   25.222   2.498   -24.513   0.000
  -17.292   7.434   -26.773   -17.292   7.434   -26.773   0.000
  20.964   -13.638   -6.970   20.964   -13.638   -6.970   0.000
  0.525   -12.881   8.868   0.525   -12.881   8.868   0.000
  -15.742   -14.879   -53.575   -15.742   -14.879   -53.575   0.000
  -17.388   -8.281   -1.702   -17.388   -8.281   -1.702   0.000
  13.508   -5.255   30.393   13.508   -5.255   30.393   0.000
  26.374   -0.646   30.332   26.374   -0.646   30.332   0.000
  30.999   5.748   -6.967   30.999   5.748   -6.967   0.000
  -37.722   -17.796   -50.708   -37.722   -17.796   -50.708   0.000
  -10.751   -0.514   21.996   -10.751   -0.514   21.996   0.000
  -8.001   -29.303   -39.277   -8.001   -29.303   -39.277   0.000
  20.893   16.262   21.292   20.893   16.262   21.292   0.000
  -14.464   -27.431   -18.521   -14.464   -27.431   -18.521   0.000
  -27.551   -14.576   -13.231   -27.551   -14.576   -13.231   0.000
  7.888   11.217   60.954   7.888   11.217   60.954   0.000
  8.774   -4.634   -19.098   8.774   -4.634   -19.098   0.000
  -12.718   18.008   33.585   -12.718   18.008   33.585   0.000
  -27.393   -28.153   -19.435   -27.393   -28.153   -19.435   0.000
  26.150   -11.328   4.464   26.150   -11.328   4.464   0.000
  29.697   9.876   -4.497   29.697   9.876   -4.497   0.000
  -12.179   -2.260   13.813   -12.179   -2.260   13.813   0.000
  12.633   -3.669   -20.072   12.633   -3.669   -20.072   0.000
  -35.639   -15.520   -49.452   -35.639   -15.520   -49.452   0.000
  2.941   17.748   -7.709   2.941   17.748   -7.709   0.000
  -30.059   7.188   -29.108   -30.059   7.188   -29.108   0.000
  -42.610   -6.465   -38.615   -42.610   -6.465   -38.615   0.000
  -37.191   -5.438   -22.811   -37.191   -5.438   -22.811   0.000
  -2.534   -1.373   -25.215   -2.534   -1.373   -25.215   0.000
  -16.322   -5.115   3.290   -16.322   -5.115   3.290   0.000
  31.349   -5.594   12.325   31.349   -5.594   12.325   0.000
  12.124   23.249   28.158   12.124   23.249   28.158   0.000
  1.542   26.043   16.193   1.542   26.043   16.193   0.000
  -30.865   1.973   -44.026   -30.865   1.973   -44.026   0.000
  1.197   27.177   22.275   1.197   27.177   22.275   0.000
  15.364   20.248   30.431   15.364   20.248   30.431   0.000
  -16.315   4.049   -1.100   -16.315   4.049   -1.100   0.000
  -1.427   -5.019   -33.688   -1.427   -5.019   -33.688   0.000
  22.826   -9.169   11.693   22.826   -9.169   11.693   0.000
  -22.648   -12.613   -53.955   -22.648   -12.613   -53.955   0.000
  10.668   19.119   60.326   10.668   19.119   60.326   0.000
  -41.889   -12.866   -28.760   -41.889   -12.866   -28.760   0.000
  -38.892   -1.501   -36.395   -38.892   -1.501   -36.395   0.000
  3.769   -11.474   -21.505   3.769   -11.474   -21.505   0.000
  -18.458   -26.122   -49.639   -18.458   -26.122   -49.639   0.000
  -4.220   -12.921   11.787   -4.220   -12.921   11.787   0.000
  21.723   13.411   46.414   21.723   13.411   46.414   0.000
  4.912   8.481   -14.935   4.912   8.481   -14.935   0.000
  -33.428   -26.365   -40.982   -33.428   -26.365   -40.982   0.000
  -3.709   13.283   -1.196   -3.709   13.283   -1.196   0.000
  19.838   18.329   19.156   19.838   18.329   19.156   0.000
  -16.692   -29.315   -20.079   -16.692   -29.315   -20.079   0.000
  -19.713   -8.509   -5.671   -19.713   -8.509   -5.671   0.000
  -24.243   -33.438   -27.958   -24.243   -33.438   -27.958   0.000
  -5.915   -1.550   52.836   -5.915   -1.550   52.836   0.000
  -21.213   -26.876   -16.567   -21.213   -26.876   -16.567   0.000
  -27.239   -19.788   -50.641   -27.239   -19.788   -50.641   0.000
  -5.057   -12.996   4.462   -5.057   -12.996   4.462   0.000
  -26.486   -10.041   -11.974   -26.486   -10.041   -11.974   0.000
  -38.935   -24.111   -40.473   -38.935   -24.111   -40.473   0.000
  33.114   -2.463   11.702   33.114   -2.463   11.702   0.000
  -8.321   9.693   -3.840   -8.321   9.693   -3.840   0.000
  -30.738   -30.736   -31.622   -30.738   -30.736   -31.622   0.000
  21.828   14.286   26.459   21.828   14.286   26.459   0.000
  -38.009   -24.123   -39.907   -38.009   -24.123   -39.907   0.000
  -6.455   6.690   -10.405   -6.455   6.690   -10.405   0.000
  -40.394   -6.313   -40.314   -40.394   -6.313   -40.314   0.000
  -7.288   5.346   -26.965   -7.288   5.346   -26.965   0.000
  -8.960   9.151   -3.829   -8.960   9.151   -3.829   0.000
  -31.626   -9.782   -49.330   -31.626   -9.782   -49.330   0.000
  11.823   24.077   20.566   11.823   24.077   20.566   0.000
  -1.121   5.760   -12.269   -1.121   5.760   -12.269   0.000
  9.879   -16.305   -10.782   9.879   -16.305   -10.782   0.000
  -15.456   7.737   -34.123   -15.456   7.737   -34.123   0.000
  -10.661   6.565   -29.976   -10.661   6.565   -29.976   0.000
  -24.368   2.863   -20.704   -24.368   2.863   -20.704   0.000
  30.162   1.889   -11.823   30.162   1.889   -11.823   0.000
  -38.962   -3.044   -39.354   -38.962   -3.044   -39.354   0.000
  15.457   -6.072   23.372   15.457   -6.072   23.372   0.000
  -26.522   -8.412   -12.312   -26.522   -8.412   -12.312   0.000
  -3.764   21.104   52.831   -3.764   21.104   52.831   0.000
  -2.595   7.281   -11.081   -2.595   7.281   -11.081   0.000
  15.962   -4.659   55.058   15.962   -4.659   55.058   0.000
  -33.478   -26.788   -23.632   -33.478   -26.788   -23.632   0.000
  2.133   16.161   -12.181   2.133   16.161   -12.181   0.000
  -38.303   -1.011   -34.213   -38.303   -1.011   -34.213   0.000
  -7.484   -0.368   45.607   -7.484   -0.368   45.607   0.000
  25.097   9.619   30.891   25.097   9.619   30.891   0.000
  -1.656   -21.077   -17.790   -1.656   -21.077   -17.790   0.000
  -9.398   6.237   26.471   -9.398   6.237   26.471   0.000
  -7.597   8.956   43.933   -7.597   8.956   43.933   0.000
  -39.449   -4.678   -39.704   -39.449   -4.678   -39.704   0.000
  21.966   3.730   56.472   21.966   3.730   56.472   0.000
  5.301   -2.387   -17.064   5.301   -2.387   -17.064   0.000
  17.913   21.176   18.454   17.913   21.176   18.454   0.000
  14.278   19.909   52.787   14.278   19.909   52.787   0.000
  15.202   -6.685   16.458   15.202   -6.685   16.458   0.000
  1.421   13.795   -5.142   1.421   13.795   -5.142   0.000
  -7.621   7.558   44.032   -7.621   7.558   44.032   0.000
  20.864   19.332   0.300   20.864   19.332   0.300   0.000
  -0.534   20.430   5.852   -0.534   20.430   5.852   0.000
  0.125   0.617   -19.540   0.125   0.617   -19.540   0.000
  -34.699   -3.347   -44.216   -34.699   -3.347   -44.216   0.000
  -16.193   6.972   -40.545   -16.193   6.972   -40.545   0.000
  11.770   22.230   -2.258   11.770   22.230   -2.258   0.000
  1.424   -9.448   14.272   1.424   -9.448   14.272   0.000
  28.436   3.256   25.318   28.436   3.256   25.318   0.000
  9.818   24.195   28.695   9.818   24.195   28.695   0.000
  20.822   2.002   58.829   20.822   2.002   58.829   0.000
  -28.295   3.020   -23.598   -28.295   3.020   -23.598   0.000
  8.502   23.647   40.627   8.502   23.647   40.627   0.000
  -35.382   -26.698   -28.447   -35.382   -26.698   -28.447   0.000
  25.564   13.204   13.733   25.564   13.204   13.733   0.000
  7.683   19.464   -18.577   7.683   19.464   -18.577   0.000
  -18.180   -4.678   -0.503   -18.180   -4.678   -0.503   0.000
  16.767   19.123   48.544   16.767   19.123   48.544   0.000