150, PA5-C-Output.txt, 6
76.6341  -37.1834   -9.9843  159.6028  -33.5675  101.9273
  37.904   17.886   3.903   37.904   17.886   3.903   0.000
  24.031   -12.412   0.455   24.031   -12.412   0.455   0.000
  -9.533   -3.167   54.715   -9.533   -3.167   54.715   0.000
  -11.535   0.903   48.773   -11.535   0.903   48.773   0.000
  7.962   12.081   -16.472   7.962   12.081   -16.472   0.000
  -21.132   -11.211   -47.053   -21.132   -11.211   -47.053   0.000
  -25.286   -17.442   -9.469   -25.286   -17.442   -9.469   0.000
  -17.862   -4.764   -46.652   -17.862   -4.764   -46.652   0.000
  -6.490   -18.868   -24.056   -6.490   -18.868   -24.056   0.000
  -18.582   -28.613   -33.828   -18.582   -28.613   -33.828   0.000
  -3.792   -8.643   30.904   -3.792   -8.643   30.904   0.000
  24.588   13.197   -36.198   24.588   13.197   -36.198   0.000
  -14.555   -25.257   -37.328   -14.555   -25.257   -37.328   0.000
  -31.849   0.026   -42.803   -31.849   0.026   -42.803   0.000
  -14.097   6.034   24.807   -14.097   6.034   24.807   0.000
  17.920   18.072   38.794   17.920   18.072   38.794   0.000
  40.321   4.562   -15.868   40.321   4.562   -15.868   0.000
  -36.149   -24.733   -33.807   -36.149   -24.733   -33.807   0.000
  -0.830   20.440   28.072   -0.830   20.440   28.072   0.000
  21.459   -3.111   30.250   21.459   -3.111   30.250   0.000
  23.740   -13.295   -15.531   23.740   -13.295   -15.531   0.000
  -9.184   -10.734   -43.911   -9.184   -10.734   -43.911   0.000
  13.259   15.543   63.441   13.259   15.543   63.441   0.000
  23.191   0.182   40.468   23.191   0.182   40.468   0.000
  19.626   14.267   45.967   19.626   14.267   45.967   0.000
  35.705   15.547   -22.353   35.705   15.547   -22.353   0.000
  13.500   22.801   -17.945   13.500   22.801   -17.945   0.000
  22.170   -11.204   -15.639   22.170   -11.204   -15.639   0.000
  -39.170   -9.620   -43.870   -39.170   -9.620   -43.870   0.000
  8.443   21.910   16.200   8.443   21.910   16.200   0.000
  16.605   -11.776   7.708   16.605   -11.776   7.708   0.000
  -2.120   16.147   0.910   -2.120   16.147   0.910   0.000
  -23.334   4.612   -16.365   -23.334   4.612   -16.365   0.000
  -39.765   -20.547   -18.994   -39.765   -20.547   -18.994   0.000
  10.762   -5.561   46.508   10.762   -5.561   46.508   0.000
  -12.527   -0.868   30.636   -12.527   -0.868   30.636   0.000
  5.687   20.772   56.480   5.687   20.772   56.480   0.000
  15.522   -5.540   27.698   15.522   -5.540   27.698   0.000
  -1.239   -7.508   48.576   -1.239   -7.508   48.576   0.000
  37.906   11.505   -20.719   37.906   11.505   -20.719   0.000
  -13.170   18.561   18.619   -13.170   18.561   18.619   0.000
  20.161   -3.227   33.243   20.161   -3.227   33.243   0.000
  19.629   -9.813   8.300   19.629   -9.813   8.300   0.000
  -23.537   -13.236   -8.396   -23.537   -13.236   -8.396   0.000
  -26.935   -30.140   -28.084   -26.935   -30.140   -28.084   0.000
  20.727   -0.660   -23.307   20.727   -0.660   -23.307   0.000
  29.240   8.902   -34.506   29.240   8.902   -34.506   0.000
  28.741   23.315   -19.537   28.741   23.315   -19.537   0.000
  -29.609   -24.295   -41.242   -29.609   -24.295   -41.242   0.000
  -0.563   -8.584   26.727   -0.563   -8.584   26.727   0.000
  7.533   -8.490   -25.248   7.533   -8.490   -25.248   0.000
  25.531   23.240   -23.994   25.531   23.240   -23.994   0.000
  -17.273   -6.192   4.786   -17.273   -6.192   4.786   0.000
  20.176   -6.263   17.724   20.176   -6.263   17.724   0.000
  -9.936   -1.161   61.536   -9.936   -1.161   61.536   0.000
  41.117   -1.326   11.329   41.117   -1.326   11.329   0.000
  15.608   -6.843   17.158   15.608   -6.843   17.158   0.000
  -28.727   1.580   -42.833   -28.727   1.580   -42.833   0.000
  -0.921   17.239   0.533   -0.921   17.239   0.533   0.000
  -11.573   -1.270   42.904   -11.573   -1.270   42.904   0.000
  -15.793   4.655   15.483   -15.793   4.655   15.483   0.000
  -10.188   -13.543   -5.183   -10.188   -13.543   -5.183   0.000
  -30.114   -7.631   -10.797   -30.114   -7.631   -10.797   0.000
  -30.371   -10.439   -9.873   -30.371   -10.439   -9.873   0.000
  21.804   -12.237   -15.612   21.804   -12.237   -15.612   0.000
  -31.422   -11.614   -9.449   -31.422   -11.614   -9.449   0.000
  -12.810   17.283   22.124   -12.810   17.283   22.124   0.000
  -4.054   -13.213   -5.320   -4.054   -13.213   -5.320   0.000
  -41.390   -17.228   -38.589   -41.390   -17.228   -38.589   0.000
  -2.914   7.879   -21.700   -2.914   7.879   -21.700   0.000
  2.354   2.762   -25.902   2.354   2.762   -25.902   0.000
  28.749   5.189   27.457   28.749   5.189   27.457   0.000
  7.074   -11.898   -22.574   7.074   -11.898   -22.574   0.000
  -38.903   1.023   -36.860   -38.903   1.023   -36.860   0.000
  -41.957   0.403   -21.989   -41.957   0.403   -21.989   0.000
  44.426   5.217   -2.994   44.426   5.217   -2.994   0.000
  -33.838   -26.369   -31.310   -33.838   -26.369   -31.310   0.000
  -30.904   -23.227   -13.456   -30.904   -23.227   -13.456   0.000
  -0.737   -8.250   28.914   -0.737   -8.250   28.914   0.000
  -1.598   -7.612   46.906   -1.598   -7.612   46.906   0.000
  -30.174   7.517   -35.775   -30.174   7.517   -35.775   0.000
  40.835   12.954   3.215   40.835   12.954   3.215   0.000
  -6.181   -18.145   -22.879   -6.181   -18.145   -22.879   0.000
  -11.900   -7.813   13.190   -11.900   -7.813   13.190   0.000
  4.329   -6.304   61.757   4.329   -6.304   61.757   0.000
  15.022   -4.617   -22.548   15.022   -4.617   -22.548   0.000
  33.260   9.168   -32.135   33.260   9.168   -32.135   0.000
  -24.909   -29.868   -24.225   -24.909   -29.868   -24.225   0.000
  -10.586   -0.910   53.996   -10.586   -0.910   53.996   0.000
  -6.336   -7.570   40.790   -6.336   -7.570   40.790   0.000
  30.503   -4.221   18.493   30.503   -4.221   18.493   0.000
  28.375   -9.532   4.340   28.375   -9.532   4.340   0.000
  16.277   25.141   -14.103   16.277   25.141   -14.103   0.000
  33.089   13.123   14.335   33.089   13.123   14.335   0.000
  13.035   0.245   -23.822   13.035   0.245   -23.822   0.000
  -33.760   -26.687   -22.708   -33.760   -26.687   -22.708   0.000
  -31.212   6.510   -37.078   -31.212   6.510   -37.078   0.000
  44.813   3.617   -3.410   44.813   3.617   -3.410   0.000
  16.977   11.775   -17.315   16.977   11.775   -17.315   0.000
  10.739   7.992   61.269   10.739   7.992   61.269   0.000
  2.526   -6.232   62.121   2.526   -6.232   62.121   0.000
  11.882   -11.364   -19.696   11.882   -11.364   -19.696   0.000
  9.851   14.333   62.941   9.851   14.333   62.941   0.000
  14.018   23.543   4.008   14.018   23.543   4.008   0.000
  16.451   -6.872   -21.415   16.451   -6.872   -21.415   0.000
  12.351   19.452   -17.600   12.351   19.452   -17.600   0.000
  41.050   11.794   0.339   41.050   11.794   0.339   0.000
  -16.013   -20.630   -12.024   -16.013   -20.630   -12.024   0.000
  -35.247   -1.799   -12.331   -35.247   -1.799   -12.331   0.000
  -38.530   0.415   -38.239   -38.530   0.415   -38.239   0.000
  13.190   -5.643   35.336   13.190   -5.643   35.336   0.000
  -4.480   -5.065   62.461   -4.480   -5.065   62.461   0.000
  -20.877   -0.320   -9.107   -20.877   -0.320   -9.107   0.000
  -12.436   -23.327   -17.951   -12.436   -23.327   -17.951   0.000
  12.274   16.109   63.405   12.274   16.109   63.405   0.000
  6.264   -8.070   19.036   6.264   -8.070   19.036   0.000
  -36.937   6.087   -24.879   -36.937   6.087   -24.879   0.000
  16.362   -12.922   -15.984   16.362   -12.922   -15.984   0.000
  25.826   -2.142   -23.391   25.826   -2.142   -23.391   0.000
  -0.967   19.049   39.804   -0.967   19.049   39.804   0.000
  -7.341   -23.442   -35.473   -7.341   -23.442   -35.473   0.000
  31.288   22.602   -2.369   31.288   22.602   -2.369   0.000
  -11.129   -12.552   -3.747   -11.129   -12.552   -3.747   0.000
  -44.229   -10.603   -24.044   -44.229   -10.603   -24.044   0.000
  14.601   -3.099   54.139   14.601   -3.099   54.139   0.000
  -16.824   5.841   -19.511   -16.824   5.841   -19.511   0.000
  -11.168   8.027   35.557   -11.168   8.027   35.557   0.000
  -15.706   -7.035   6.778   -15.706   -7.035   6.778   0.000
  -9.280   8.710   -4.882   -9.280   8.710   -4.882   0.000
  -1.886   -1.250   -29.321   -1.886   -1.250   -29.321   0.000
  -10.818   2.658   -38.684   -10.818   2.658   -38.684   0.000
  38.045   -6.061   -18.382   38.045   -6.061   -18.382   0.000
  20.294   -3.655   29.741   20.294   -3.655   29.741   0.000
  9.464   24.014   0.921   9.464   24.014   0.921   0.000
  -10.285   -9.266   11.740   -10.285   -9.266   11.740   0.000
  -43.250   -16.074   -35.885   -43.250   -16.074   -35.885   0.000
  28.516   5.223   27.935   28.516   5.223   27.935   0.000
  37.527   9.480   12.942   37.527   9.480   12.942   0.000
  -6.439   -18.877   -37.348   -6.439   -18.877   -37.348   0.000
  -44.118   -4.471   -24.683   -44.118   -4.471   -24.683   0.000
  -15.753   -7.066   6.577   -15.753   -7.066   6.577   0.000
  -43.341   -14.414   -21.264   -43.341   -14.414   -21.264   0.000
  32.616   1.232   21.526   32.616   1.232   21.526   0.000
  -15.662   -1.425   16.421   -15.662   -1.425   16.421   0.000
  11.083   25.771   -6.937   11.083   25.771   -6.937   0.000
  -13.778   -0.158   25.095   -13.778   -0.158   25.095   0.000
  -28.550   -13.574   -9.510   -28.550   -13.574   -9.510   0.000
  43.140   6.747   10.523   43.140   6.747   10.523   0.000
  -38.300   -23.467   -23.863   -38.300   -23.467   -23.863   0.000
  15.179   22.197   -19.662   15.179   22.197   -19.662   0.000