400, PA5-E-Output.txt, 6
76.6341  -37.1834   -9.9843  159.6028  -33.5675  101.9273
  6.701   -15.196   -20.399   6.701   -15.196   -20.399   0.000
  28.736   -3.314   25.249   28.736   -3.314   25.249   0.000
  -36.644   -2.244   -11.620   -36.644   -2.244   -11.620   0.000
  20.507   14.546   28.656   20.507   14.546   28.656   0.000
  9.111   -15.784   2.831   9.111   -15.784   2.831   0.000
  -46.214   -8.767   -20.726   -46.214   -8.767   -20.726   0.000
  -4.012   18.453   47.862   -4.012   18.453   47.862   0.000
  -6.220   -24.324   -30.253   -6.220   -24.324   -30.253   0.000
  26.386   -15.821   -12.908   26.386   -15.821   -12.908   0.000
  -17.930   6.086   -6.491   -17.930   6.086   -6.491   0.000
  17.355   -12.296   -17.043   17.355   -12.296   -17.043   0.000
  -28.531   -18.597   -7.394   -28.531   -18.597   -7.394   0.000
  -18.582   11.108   27.804   -18.582   11.108   27.804   0.000
  -33.977   -30.480   -20.598   -33.977   -30.480   -20.598   0.000
  3.741   21.704   -9.713   3.741   21.704   -9.713   0.000
  -1.646   22.560   21.739   -1.646   22.560   21.739   0.000
  -40.291   -15.079   -10.174   -40.291   -15.079   -10.174   0.000
  19.667   -10.702   12.569   19.667   -10.702   12.569   0.000
  5.267   -11.188   16.502   5.267   -11.188   16.502   0.000
  18.008   -0.395   54.811   18.008   -0.395   54.811   0.000
  -7.870   -26.387   -25.810   -7.870   -26.387   -25.810   0.000
  28.177   13.374   -28.094   28.177   13.374   -28.094   0.000
  14.765   -9.287   18.865   14.765   -9.287   18.865   0.000
  -40.416   3.125   -19.069   -40.416   3.125   -19.069   0.000
  -40.547   3.089   -30.947   -40.547   3.089   -30.947   0.000
  -20.191   -3.600   -46.284   -20.191   -3.600   -46.284   0.000
  -9.620   5.815   -21.691   -9.620   5.815   -21.691   0.000
  -15.572   22.721   19.911   -15.572   22.721   19.911   0.000
  -19.186   -31.414   -20.790   -19.186   -31.414   -20.790   0.000
  -12.791   -8.573   -44.364   -12.791   -8.573   -44.364   0.000
  26.058   5.596   33.078   26.058   5.596   33.078   0.000
  -3.594   1.483   54.173   -3.594   1.483   54.173   0.000
  26.374   -6.971   18.746   26.374   -6.971   18.746   0.000
  19.697   23.211   9.181   19.697   23.211   9.181   0.000
  41.029   2.288   10.164   41.029   2.288   10.164   0.000
  31.043   -3.911   19.618   31.043   -3.911   19.618   0.000
  -16.499   -25.829   -39.687   -16.499   -25.829   -39.687   0.000
  -11.534   14.605   3.488   -11.534   14.605   3.488   0.000
  5.850   -18.330   -16.446   5.850   -18.330   -16.446   0.000
  14.717   2.426   -21.517   14.717   2.426   -21.517   0.000
  21.169   -11.002   11.460   21.169   -11.002   11.460   0.000
  -35.674   2.413   -39.593   -35.674   2.413   -39.593   0.000
  2.184   19.986   47.889   2.184   19.986   47.889   0.000
  -35.644   -19.913   -45.262   -35.644   -19.913   -45.262   0.000
  -6.731   -7.954   53.007   -6.731   -7.954   53.007   0.000
  17.921   -6.949   40.959   17.921   -6.949   40.959   0.000
  2.216   -19.134   -23.161   2.216   -19.134   -23.161   0.000
  -6.967   -11.894   -41.771   -6.967   -11.894   -41.771   0.000
  -21.373   9.408   -21.726   -21.373   9.408   -21.726   0.000
  8.199   -16.753   0.702   8.199   -16.753   0.702   0.000
  29.983   -0.344   26.647   29.983   -0.344   26.647   0.000
  37.743   9.298   11.714   37.743   9.298   11.714   0.000
  -10.248   -1.131   -39.215   -10.248   -1.131   -39.215   0.000
  6.002   -9.236   37.084   6.002   -9.236   37.084   0.000
  -18.777   2.895   21.610   -18.777   2.895   21.610   0.000
  -15.292   8.916   -2.192   -15.292   8.916   -2.192   0.000
  -12.309   -25.402   -14.558   -12.309   -25.402   -14.558   0.000
  20.311   23.400   -19.738   20.311   23.400   -19.738   0.000
  17.274   13.865   45.130   17.274   13.865   45.130   0.000
  18.019   -6.139   46.550   18.019   -6.139   46.550   0.000
  -3.777   22.108   7.317   -3.777   22.108   7.317   0.000
  -11.993   -26.927   -32.720   -11.993   -26.927   -32.720   0.000
  -15.270   7.971   -4.483   -15.270   7.971   -4.483   0.000
  -19.752   9.611   3.810   -19.752   9.611   3.810   0.000
  25.166   21.831   -20.600   25.166   21.831   -20.600   0.000
  4.795   -13.155   -23.328   4.795   -13.155   -23.328   0.000
  22.563   7.169   43.623   22.563   7.169   43.623   0.000
  32.488   -9.611   1.394   32.488   -9.611   1.394   0.000
  34.737   -0.538   -17.056   34.737   -0.538   -17.056   0.000
  -21.378   5.155   -13.783   -21.378   5.155   -13.783   0.000
  21.781   -15.236   -15.841   21.781   -15.236   -15.841   0.000
  -3.999   -14.569   5.745   -3.999   -14.569   5.745   0.000
  -9.554   -6.765   47.055   -9.554   -6.765   47.055   0.000
  28.539   -12.317   -1.114   28.539   -12.317   -1.114   0.000
  -43.460   -11.000   -39.244   -43.460   -11.000   -39.244   0.000
  23.548   23.442   -6.895   23.548   23.442   -6.895   0.000
  -5.411   18.360   50.252   -5.411   18.360   50.252   0.000
  -24.799   4.171   -14.409   -24.799   4.171   -14.409   0.000
  -12.385   -29.048   -25.497   -12.385   -29.048   -25.497   0.000
  14.810   -7.484   46.699   14.810   -7.484   46.699   0.000
  -14.288   17.213   6.988   -14.288   17.213   6.988   0.000
  -23.368   -19.027   -7.065   -23.368   -19.027   -7.065   0.000
  -25.068   19.494   12.029   -25.068   19.494   12.029   0.000
  -27.668   9.757   -23.856   -27.668   9.757   -23.856   0.000
  -11.982   -8.737   24.066   -11.982   -8.737   24.066   0.000
  -20.531   -11.874   -48.106   -20.531   -11.874   -48.106   0.000
  35.236   14.063   13.351   35.236   14.063   13.351   0.000
  9.586   -18.148   -2.679   9.586   -18.148   -2.679   0.000
  8.377   22.016   -15.223   8.377   22.016   -15.223   0.000
  -25.203   0.696   -6.206   -25.203   0.696   -6.206   0.000
  -38.375   -22.973   -12.992   -38.375   -22.973   -12.992   0.000
  19.986   -13.351   -15.201   19.986   -13.351   -15.201   0.000
  -18.677   -18.062   -45.891   -18.677   -18.062   -45.891   0.000
  -40.927   -2.582   -39.504   -40.927   -2.582   -39.504   0.000
  40.468   8.481   5.274   40.468   8.481   5.274   0.000
  -22.293   -23.279   -9.318   -22.293   -23.279   -9.318   0.000
  -4.522   -22.244   -34.322   -4.522   -22.244   -34.322   0.000
  -11.735   -26.411   -34.364   -11.735   -26.411   -34.364   0.000
  11.720   -8.852   34.933   11.720   -8.852   34.933   0.000
  -1.585   -9.847   33.480   -1.585   -9.847   33.480   0.000
  -10.583   10.122   -5.346   -10.583   10.122   -5.346   0.000
  -2.635   -9.134   -36.598   -2.635   -9.134   -36.598   0.000
  -25.810   -17.605   -6.662   -25.810   -17.605   -6.662   0.000
  -39.624   4.128   -32.497   -39.624   4.128   -32.497   0.000
  -3.601   -15.866   -35.799   -3.601   -15.866   -35.799   0.000
  -6.953   -9.240   36.434   -6.953   -9.240   36.434   0.000
  -36.799   -29.173   -21.445   -36.799   -29.173   -21.445   0.000
  -4.101   -19.282   -6.350   -4.101   -19.282   -6.350   0.000
  -25.872   16.490   9.075   -25.872   16.490   9.075   0.000
  18.827   24.815   0.428   18.827   24.815   0.428   0.000
  -16.457   5.434   33.575   -16.457   5.434   33.575   0.000
  -35.608   -23.512   -43.018   -35.608   -23.512   -43.018   0.000
  18.369   21.540   -29.878   18.369   21.540   -29.878   0.000
  30.132   20.435   -1.225   30.132   20.435   -1.225   0.000
  -8.195   -18.227   -39.637   -8.195   -18.227   -39.637   0.000
  -27.735   8.925   -18.911   -27.735   8.925   -18.911   0.000
  39.404   7.397   11.072   39.404   7.397   11.072   0.000
  24.333   -16.696   -18.075   24.333   -16.696   -18.075   0.000
  17.680   17.884   -33.644   17.680   17.884   -33.644   0.000
  31.904   19.332   2.943   31.904   19.332   2.943   0.000
  -2.454   21.101   28.453   -2.454   21.101   28.453   0.000
  -19.927   -14.903   -47.327   -19.927   -14.903   -47.327   0.000
  -20.797   4.156   16.485   -20.797   4.156   16.485   0.000
  4.722   -10.153   19.706   4.722   -10.153   19.706   0.000
  -9.106   -24.820   -13.511   -9.106   -24.820   -13.511   0.000
  28.801   15.621   -26.223   28.801   15.621   -26.223   0.000
  31.348   14.934   -21.320   31.348   14.934   -21.320   0.000
  21.281   -16.693   -0.914   21.281   -16.693   -0.914   0.000
  37.148   10.901   12.751   37.148   10.901   12.751   0.000
  35.345   -7.376   -16.775   35.345   -7.376   -16.775   0.000
  24.279   1.908   -32.130   24.279   1.908   -32.130   0.000
  7.183   26.390   -0.421   7.183   26.390   -0.421   0.000
  36.297   0.775   16.332   36.297   0.775   16.332   0.000
  26.365   9.773   27.156   26.365   9.773   27.156   0.000
  23.011   9.678   36.085   23.011   9.678   36.085   0.000
  33.699   2.155   -20.594   33.699   2.155   -20.594   0.000
  -30.655   -28.211   -40.142   -30.655   -28.211   -40.142   0.000
  -19.015   3.963   -40.146   -19.015   3.963   -40.146   0.000
  7.363   -16.577   0.343   7.363   -16.577   0.343   0.000
  -44.698   -6.688   -17.569   -44.698   -6.688   -17.569   0.000
  -8.300   -23.514   -34.094   -8.300   -23.514   -34.094   0.000
  -29.764   -30.660   -17.645   -29.764   -30.660   -17.645   0.000
  26.283   -6.260   21.773   26.283   -6.260   21.773   0.000
  24.892   -5.455   -24.088   24.892   -5.455   -24.088   0.000
  7.307   12.080   54.607   7.307   12.080   54.607   0.000
  3.271   -9.627   29.333   3.271   -9.627   29.333   0.000
  27.749   21.506   -10.755   27.749   21.506   -10.755   0.000
  -17.811   -5.191   15.343   -17.811   -5.191   15.343   0.000
  -3.114   19.420   37.005   -3.114   19.420   37.005   0.000
  25.637   -8.797   14.020   25.637   -8.797   14.020   0.000
  33.028   -8.938   2.711   33.028   -8.938   2.711   0.000
  33.582   -8.543   3.996   33.582   -8.543   3.996   0.000
  -28.366   9.832   -26.461   -28.366   9.832   -26.461   0.000
  -25.704   -10.936   -49.704   -25.704   -10.936   -49.704   0.000
  -20.481   -1.850   16.191   -20.481   -1.850   16.191   0.000
  -16.360   -8.251   12.777   -16.360   -8.251   12.777   0.000
  -34.663   7.317   -17.738   -34.663   7.317   -17.738   0.000
  2.654   23.370   17.361   2.654   23.370   17.361   0.000
  24.310   -3.402   35.258   24.310   -3.402   35.258   0.000
  26.250   -3.455   -27.821   26.250   -3.455   -27.821   0.000
  -29.490   -14.435   -47.834   -29.490   -14.435   -47.834   0.000
  26.110   22.801   -2.019   26.110   22.801   -2.019   0.000
  20.238   17.388   -32.631   20.238   17.388   -32.631   0.000
  -12.183   -6.700   -44.047   -12.183   -6.700   -44.047   0.000
  -19.639   -7.234   9.212   -19.639   -7.234   9.212   0.000
  -33.918   0.277   -42.330   -33.918   0.277   -42.330   0.000
  -5.903   9.051   -12.211   -5.903   9.051   -12.211   0.000
  -14.290   -29.964   -26.576   -14.290   -29.964   -26.576   0.000
  -27.419   8.268   -35.022   -27.419   8.268   -35.022   0.000
  -43.480   -17.961   -15.984   -43.480   -17.961   -15.984   0.000
  23.785   0.249   40.836   23.785   0.249   40.836   0.000
  -5.333   -21.429   -34.287   -5.333   -21.429   -34.287   0.000
  0.114   -9.747   33.976   0.114   -9.747   33.976   0.000
  -6.026   17.820   48.183   -6.026   17.820   48.183   0.000
  -27.735   9.222   -20.266   -27.735   9.222   -20.266   0.000
  18.323   8.868   54.086   18.323   8.868   54.086   0.000
  -4.186   -15.970   -36.291   -4.186   -15.970   -36.291   0.000
  -44.778   -17.932   -23.546   -44.778   -17.932   -23.546   0.000
  -17.109   -29.799   -34.617   -17.109   -29.799   -34.617   0.000
  11.144   -6.745   -21.291   11.144   -6.745   -21.291   0.000
  23.287   -3.452   -25.052   23.287   -3.452   -25.052   0.000
  -24.437   4.195   -14.127   -24.437   4.195   -14.127   0.000
  -28.328   5.903   -39.434   -28.328   5.903   -39.434   0.000
  -18.200   7.108   -1.809   -18.200   7.108   -1.809   0.000
  -25.338   6.987   -15.895   -25.338   6.987   -15.895   0.000
  14.789   24.887   8.653   14.789   24.887   8.653   0.000
  -25.029   -24.121   -43.650   -25.029   -24.121   -43.650   0.000
  -23.902   11.663   6.124   -23.902   11.663   6.124   0.000
  20.579   4.083   51.270   20.579   4.083   51.270   0.000
  -43.658   -20.308   -29.971   -43.658   -20.308   -29.971   0.000
  -3.518   6.701   -17.265   -3.518   6.701   -17.265   0.000
  18.739   10.193   51.695   18.739   10.193   51.695   0.000
  -16.187   15.255   6.350   -16.187   15.255   6.350   0.000
  13.493   -11.990   11.600   13.493   -11.990   11.600   0.000
  29.422   7.860   23.215   29.422   7.860   23.215   0.000
  -12.388   -10.379   15.697   -12.388   -10.379   15.697   0.000
  13.320   -9.129   40.855   13.320   -9.129   40.855   0.000
  -30.151   -31.998   -20.160   -30.151   -31.998   -20.160   0.000
  -22.993   -12.585   -48.975   -22.993   -12.585   -48.975   0.000
  20.541   7.963   48.476   20.541   7.963   48.476   0.000
  10.646   26.140   2.724   10.646   26.140   2.724   0.000
  33.624   0.144   19.787   33.624   0.144   19.787   0.000
  5.062   -18.283   -10.650   5.062   -18.283   -10.650   0.000
  -1.585   -5.135   -26.594   -1.585   -5.135   -26.594   0.000
  -1.291   14.862   54.649   -1.291   14.862   54.649   0.000
  -21.718   0.040   -43.887   -21.718   0.040   -43.887   0.000
  -10.870   -24.003   -9.523   -10.870   -24.003   -9.523   0.000
  -39.354   4.712   -31.405   -39.354   4.712   -31.405   0.000
  6.852   21.260   34.869   6.852   21.260   34.869   0.000
  -15.759   8.825   33.209   -15.759   8.825   33.209   0.000
  -17.358   11.775   4.490   -17.358   11.775   4.490   0.000
  2.400   14.403   -11.905   2.400   14.403   -11.905   0.000
  -5.953   -16.353   0.685   -5.953   -16.353   0.685   0.000
  -18.864   6.031   -38.190   -18.864   6.031   -38.190   0.000
  -44.116   -19.276   -16.847   -44.116   -19.276   -16.847   0.000
  22.583   1.456   45.076   22.583   1.456   45.076   0.000
  -15.908   -30.807   -25.307   -15.908   -30.807   -25.307   0.000
  -41.891   -25.348   -22.219   -41.891   -25.348   -22.219   0.000
  10.004   -8.918   32.444   10.004   -8.918   32.444   0.000
  -27.289   -7.706   -3.813   -27.289   -7.706   -3.813   0.000
  -12.273   -4.633   47.910   -12.273   -4.633   47.910   0.000
  -43.537   -21.326   -24.153   -43.537   -21.326   -24.153   0.000
  8.674   -14.445   -19.115   8.674   -14.445   -19.115   0.000
  -30.926   -29.244   -14.886   -30.926   -29.244   -14.886   0.000
  17.324   13.427   47.084   17.324   13.427   47.084   0.000
  -13.093   -27.156   -18.408   -13.093   -27.156   -18.408   0.000
  15.088   23.629   -18.995   15.088   23.629   -18.995   0.000
  4.709   25.610   2.767   4.709   25.610   2.767   0.000
  -11.755   -11.524   13.477   -11.755   -11.524   13.477   0.000
  -14.606   8.384   39.478   -14.606   8.384   39.478   0.000
  -8.447   4.987   -23.006   -8.447   4.987   -23.006   0.000
  -7.744   -9.078   36.457   -7.744   -9.078   36.457   0.000
  -45.225   -13.719   -17.430   -45.225   -13.719   -17.430   0.000
  -17.922   8.564   -18.803   -17.922   8.564   -18.803   0.000
  -19.877   8.192   -31.422   -19.877   8.192   -31.422   0.000
  -44.322   -17.903   -27.369   -44.322   -17.903   -27.369   0.000
  -4.115   21.465   25.976   -4.115   21.465   25.976   0.000
  9.265   19.091   48.754   9.265   19.091   48.754   0.000
  -25.020   -2.123   -46.650   -25.020   -2.123   -46.650   0.000
  14.567   1.583   55.116   14.567   1.583   55.116   0.000
  33.169   -8.994   4.774   33.169   -8.994   4.774   0.000
  23.570   7.303   39.955   23.570   7.303   39.955   0.000
  25.605   -7.898   16.979   25.605   -7.898   16.979   0.000
  -40.822   -26.190   -27.154   -40.822   -26.190   -27.154   0.000
  -43.449   -21.706   -22.774   -43.449   -21.706   -22.774   0.000
  17.156   1.554   54.725   17.156   1.554   54.725   0.000
  -25.718   13.379   14.047   -25.718   13.379   14.047   0.000
  -19.768   7.378   1.302   -19.768   7.378   1.302   0.000
  -24.097   20.689   12.545   -24.097   20.689   12.545   0.000
  -25.890   6.654   -15.678   -25.890   6.654   -15.678   0.000
  22.929   -12.880   5.069   22.929   -12.880   5.069   0.000
  -12.780   11.751   42.852   -12.780   11.751   42.852   0.000
  2.697   -4.182   55.339   2.697   -4.182   55.339   0.000
  -0.433   -9.738   38.543   -0.433   -9.738   38.543   0.000
  -8.529   -9.033   36.757   -8.529   -9.033   36.757   0.000
  -25.929   11.408   12.645   -25.929   11.408   12.645   0.000
  -12.547   -26.897   -33.909   -12.547   -26.897   -33.909   0.000
  -9.545   -25.206   -33.954   -9.545   -25.206   -33.954   0.000
  -14.141   -3.335   33.892   -14.141   -3.335   33.892   0.000
  22.533   -7.204   27.658   22.533   -7.204   27.658   0.000
  17.187   24.917   2.525   17.187   24.917   2.525   0.000
  22.709   0.254   -30.975   22.709   0.254   -30.975   0.000
  23.018   -0.119   43.020   23.018   -0.119   43.020   0.000
  30.268   10.334   18.393   30.268   10.334   18.393   0.000
  11.914   23.538   21.851   11.914   23.538   21.851   0.000
  -10.885   1.752   -32.738   -10.885   1.752   -32.738   0.000
  27.860   5.726   28.593   27.860   5.726   28.593   0.000
  -2.971   22.524   12.839   -2.971   22.524   12.839   0.000
  16.535   14.906   42.643   16.535   14.906   42.643   0.000
  -12.722   -5.130   43.973   -12.722   -5.130   43.973   0.000
  -25.124   -3.841   0.299   -25.124   -3.841   0.299   0.000
  -2.059   -0.525   54.737   -2.059   -0.525   54.737   0.000
  -44.956   -10.070   -17.342   -44.956   -10.070   -17.342   0.000
  -34.789   2.999   -39.214   -34.789   2.999   -39.214   0.000
  -25.386   -13.058   -4.367   -25.386   -13.058   -4.367   0.000
  -7.087   -14.670   -40.518   -7.087   -14.670   -40.518   0.000
  -38.700   1.270   -15.130   -38.700   1.270   -15.130   0.000
  9.873   14.743   -28.098   9.873   14.743   -28.098   0.000
  -33.675   -27.083   -14.073   -33.675   -27.083   -14.073   0.000
  -29.528   6.950   -36.926   -29.528   6.950   -36.926   0.000
  -13.528   11.486   1.004   -13.528   11.486   1.004   0.000
  30.816   7.471   -28.294   30.816   7.471   -28.294   0.000
  11.586   -9.066   30.317   11.586   -9.066   30.317   0.000
  20.822   -16.993   -12.912   20.822   -16.993   -12.912   0.000
  24.687   -6.393   25.120   24.687   -6.393   25.120   0.000
  -3.174   -19.371   -36.810   -3.174   -19.371   -36.810   0.000
  12.669   16.776   47.382   12.669   16.776   47.382   0.000
  11.343   24.682   -11.744   11.343   24.682   -11.744   0.000
  38.294   -2.607   7.624   38.294   -2.607   7.624   0.000
  -15.931   1.947   -40.925   -15.931   1.947   -40.925   0.000
  25.093   21.825   -20.440   25.093   21.825   -20.440   0.000
  8.532   -9.670   45.948   8.532   -9.670   45.948   0.000
  -16.971   8.423   0.028   -16.971   8.423   0.028   0.000
  10.164   -15.257   4.954   10.164   -15.257   4.954   0.000
  29.410   21.148   1.635   29.410   21.148   1.635   0.000
  0.092   19.854   41.280   0.092   19.854   41.280   0.000
  33.301   3.024   -22.573   33.301   3.024   -22.573   0.000
  31.291   3.953   23.539   31.291   3.953   23.539   0.000
  34.733   -6.275   2.123   34.733   -6.275   2.123   0.000
  20.204   -1.638   50.767   20.204   -1.638   50.767   0.000
  1.826   21.113   32.413   1.826   21.113   32.413   0.000
  -42.972   -21.515   -30.132   -42.972   -21.515   -30.132   0.000
  12.161   -18.822   -2.077   12.161   -18.822   -2.077   0.000
  -6.370   -24.655   -29.857   -6.370   -24.655   -29.857   0.000
  -23.425   16.402   21.764   -23.425   16.402   21.764   0.000
  -16.420   -27.987   -37.683   -16.420   -27.987   -37.683   0.000
  -25.962   8.046   -35.815   -25.962   8.046   -35.815   0.000
  -12.702   -4.468   47.228   -12.702   -4.468   47.228   0.000
  32.406   16.795   10.673   32.406   16.795   10.673   0.000
  18.600   25.157   -6.317   18.600   25.157   -6.317   0.000
  -10.676   -26.058   -18.278   -10.676   -26.058   -18.278   0.000
  -18.362   6.846   -2.658   -18.362   6.846   -2.658   0.000
  -6.571   -20.713   -36.689   -6.571   -20.713   -36.689   0.000
  33.793   16.101   -9.691   33.793   16.101   -9.691   0.000
  -42.563   2.434   -24.230   -42.563   2.434   -24.230   0.000
  9.297   16.777   -27.619   9.297   16.777   -27.619   0.000
  -4.678   -23.750   -27.590   -4.678   -23.750   -27.590   0.000
  -26.775   13.500   8.408   -26.775   13.500   8.408   0.000
  34.179   3.888   18.411   34.179   3.888   18.411   0.000
  -6.281   -24.303   -29.981   -6.281   -24.303   -29.981   0.000
  12.561   -19.248   -4.848   12.561   -19.248   -4.848   0.000
  12.911   14.329   -35.557   12.911   14.329   -35.557   0.000
  -41.423   -11.410   -11.812   -41.423   -11.410   -11.812   0.000
  21.339   -19.311   -7.450   21.339   -19.311   -7.450   0.000
  -6.653   -15.035   4.780   -6.653   -15.035   4.780   0.000
  -36.132   -8.339   -7.671   -36.132   -8.339   -7.671   0.000
  10.014   -8.876   38.947   10.014   -8.876   38.947   0.000
  -17.224   -30.826   -30.199   -17.224   -30.826   -30.199   0.000
  7.230   -10.740   -21.986   7.230   -10.740   -21.986   0.000
  6.146   -7.254   54.879   6.146   -7.254   54.879   0.000
  22.093   -11.862   -18.874   22.093   -11.862   -18.874   0.000
  -2.810   15.922   54.222   -2.810   15.922   54.222   0.000
  -38.817   2.790   -35.824   -38.817   2.790   -35.824   0.000
  -0.334   22.337   -0.157   -0.334   22.337   -0.157   0.000
  -37.056   7.776   -27.069   -37.056   7.776   -27.069   0.000
  -15.566   0.565   48.628   -15.566   0.565   48.628   0.000
  -31.021   -31.267   -34.321   -31.021   -31.267   -34.321   0.000
  -11.835   -9.596   -43.966   -11.835   -9.596   -43.966   0.000
  -23.122   -24.922   -10.172   -23.122   -24.922   -10.172   0.000
  22.995   8.146   40.539   22.995   8.146   40.539   0.000
  37.555   12.311   -4.908   37.555   12.311   -4.908   0.000
  -40.829   4.432   -26.771   -40.829   4.432   -26.771   0.000
  -39.086   -14.972   -45.523   -39.086   -14.972   -45.523   0.000
  -6.503   -0.662   -27.773   -6.503   -0.662   -27.773   0.000
  1.723   21.298   -7.277   1.723   21.298   -7.277   0.000
  -3.089   -21.007   -34.785   -3.089   -21.007   -34.785   0.000
  -40.912   -5.974   -11.468   -40.912   -5.974   -11.468   0.000
  -22.421   8.423   -34.460   -22.421   8.423   -34.460   0.000
  -11.879   6.968   -16.698   -11.879   6.968   -16.698   0.000
  -38.829   -27.235   -18.810   -38.829   -27.235   -18.810   0.000
  -35.132   -26.035   -13.564   -35.132   -26.035   -13.564   0.000
  -11.017   3.558   -28.561   -11.017   3.558   -28.561   0.000
  -13.702   10.963   49.792   -13.702   10.963   49.792   0.000
  -15.105   15.641   30.816   -15.105   15.641   30.816   0.000
  -24.675   6.717   9.180   -24.675   6.717   9.180   0.000
  2.681   21.297   -8.677   2.681   21.297   -8.677   0.000
  36.643   12.897   -8.549   36.643   12.897   -8.549   0.000
  4.472   -6.279   55.177   4.472   -6.279   55.177   0.000
  14.349   0.421   -21.558   14.349   0.421   -21.558   0.000
  -11.382   -27.292   -20.739   -11.382   -27.292   -20.739   0.000
  12.588   9.952   -27.492   12.588   9.952   -27.492   0.000
  19.761   -16.535   0.517   19.761   -16.535   0.517   0.000
  -15.466   0.654   39.149   -15.466   0.654   39.149   0.000
  -20.056   -12.125   -47.994   -20.056   -12.125   -47.994   0.000
  -42.390   -23.439   -18.641   -42.390   -23.439   -18.641   0.000
  -36.359   7.890   -29.497   -36.359   7.890   -29.497   0.000
  23.857   -11.258   -21.419   23.857   -11.258   -21.419   0.000
  20.088   -1.200   50.794   20.088   -1.200   50.794   0.000
  -17.260   -7.710   12.858   -17.260   -7.710   12.858   0.000
  -45.703   -10.039   -18.090   -45.703   -10.039   -18.090   0.000
  -42.021   2.172   -28.311   -42.021   2.172   -28.311   0.000
  12.454   24.155   15.996   12.454   24.155   15.996   0.000
  3.122   -9.664   39.532   3.122   -9.664   39.532   0.000
  -14.927   -29.011   -32.852   -14.927   -29.011   -32.852   0.000
  -11.720   -27.454   -20.998   -11.720   -27.454   -20.998   0.000
  -5.108   -14.240   8.389   -5.108   -14.240   8.389   0.000
  -7.359   -25.839   -25.429   -7.359   -25.839   -25.429   0.000
  -11.837   -24.436   -10.025   -11.837   -24.436   -10.025   0.000
  -31.339   -20.223   -7.890   -31.339   -20.223   -7.890   0.000
  -25.675   8.371   -35.012   -25.675   8.371   -35.012   0.000
  25.546   -8.056   16.518   25.546   -8.056   16.518   0.000
  -34.102   -30.332   -33.058   -34.102   -30.332   -33.058   0.000
  -1.191   18.111   -5.161   -1.191   18.111   -5.161   0.000
  17.553   -18.381   -11.655   17.553   -18.381   -11.655   0.000
  36.348   2.031   16.710   36.348   2.031   16.710   0.000
  10.693   -8.646   52.163   10.693   -8.646   52.163   0.000
  28.415   10.329   20.982   28.415   10.329   20.982   0.000
  -18.660   2.388   22.225   -18.660   2.388   22.225   0.000
  -17.962   22.019   20.724   -17.962   22.019   20.724   0.000
  -40.804   -23.175   -37.833   -40.804   -23.175   -37.833   0.000
  32.327   -9.758   1.739   32.327   -9.758   1.739   0.000
  0.290   -20.656   -12.396   0.290   -20.656   -12.396   0.000
  -41.634   -17.524   -13.621   -41.634   -17.524   -13.621   0.000
  -32.989   6.274   -36.801   -32.989   6.274   -36.801   0.000
  -24.086   11.519   20.028   -24.086   11.519   20.028   0.000
  4.372   25.334   3.010   4.372   25.334   3.010   0.000
  -20.458   -9.529   -47.548   -20.458   -9.529   -47.548   0.000
  -8.431   21.860   23.489   -8.431   21.860   23.489   0.000
  6.403   -9.578   54.262   6.403   -9.578   54.262   0.000
  -25.978   19.013   13.728   -25.978   19.013   13.728   0.000