400, PA5-F-Output.txt, 6
76.6341  -37.1834   -9.9843  159.6028  -33.5675  101.9273
  14.569   -20.560   -16.589   14.569   -20.560   -16.589   0.000
  -11.777   1.536   42.001   -11.777   1.536   42.001   0.000
  9.015   20.533   -14.982   9.015   20.533   -14.982   0.000
  35.866   14.980   -1.769   35.866   14.980   -1.769   0.000
  -17.863   -30.872   -34.464   -17.863   -30.872   -34.464   0.000
  -13.166   9.500   35.886   -13.166   9.500   35.886   0.000
  -16.014   9.362   -30.586   -16.014   9.362   -30.586   0.000
  -33.434   -18.244   -9.583   -33.434   -18.244   -9.583   0.000
  -8.215   9.415   -27.105   -8.215   9.415   -27.105   0.000
  -12.918   -33.222   -31.164   -12.918   -33.222   -31.164   0.000
  26.720   -8.130   16.523   26.720   -8.130   16.523   0.000
  28.477   -5.498   18.346   28.477   -5.498   18.346   0.000
  -34.043   -21.807   -34.049   -34.043   -21.807   -34.049   0.000
  34.709   10.278   12.831   34.709   10.278   12.831   0.000
  -33.401   -17.419   -8.478   -33.401   -17.419   -8.478   0.000
  -35.438   -1.012   -26.644   -35.438   -1.012   -26.644   0.000
  41.831   6.557   1.902   41.831   6.557   1.902   0.000
  31.700   2.419   -31.874   31.700   2.419   -31.874   0.000
  -19.318   -32.032   -13.762   -19.318   -32.032   -13.762   0.000
  38.959   7.287   -13.665   38.959   7.287   -13.665   0.000
  -15.615   3.318   10.573   -15.615   3.318   10.573   0.000
  39.148   0.214   -13.386   39.148   0.214   -13.386   0.000
  12.233   10.942   -21.606   12.233   10.942   -21.606   0.000
  4.689   21.807   27.909   4.689   21.807   27.909   0.000
  3.006   8.974   -15.643   3.006   8.974   -15.643   0.000
  -23.942   -32.745   -21.862   -23.942   -32.745   -21.862   0.000
  30.823   -3.230   -32.289   30.823   -3.230   -32.289   0.000
  -10.000   -9.985   10.848   -10.000   -9.985   10.848   0.000
  5.639   21.299   27.023   5.639   21.299   27.023   0.000
  -19.098   23.209   20.869   -19.098   23.209   20.869   0.000
  28.701   19.825   5.363   28.701   19.825   5.363   0.000
  -19.188   19.502   19.161   -19.188   19.502   19.161   0.000
  -27.212   -6.429   -40.396   -27.212   -6.429   -40.396   0.000
  -25.197   -21.885   -41.027   -25.197   -21.885   -41.027   0.000
  0.304   2.030   -25.319   0.304   2.030   -25.319   0.000
  -17.312   -5.941   2.100   -17.312   -5.941   2.100   0.000
  -17.538   7.107   -35.308   -17.538   7.107   -35.308   0.000
  34.687   16.017   8.568   34.687   16.017   8.568   0.000
  -28.912   0.282   -14.704   -28.912   0.282   -14.704   0.000
  39.891   8.239   8.264   39.891   8.239   8.264   0.000
  -30.513   -28.225   -25.180   -30.513   -28.225   -25.180   0.000
  7.779   -15.772   -21.013   7.779   -15.772   -21.013   0.000
  -19.957   9.879   -27.178   -19.957   9.879   -27.178   0.000
  -12.218   15.776   55.882   -12.218   15.776   55.882   0.000
  14.997   -1.603   -22.978   14.997   -1.603   -22.978   0.000
  1.847   -18.851   -10.064   1.847   -18.851   -10.064   0.000
  -12.511   -10.643   4.114   -12.511   -10.643   4.114   0.000
  26.201   18.753   11.557   26.201   18.753   11.557   0.000
  0.621   3.074   64.217   0.621   3.074   64.217   0.000
  38.013   7.713   12.257   38.013   7.713   12.257   0.000
  18.180   1.296   -27.409   18.180   1.296   -27.409   0.000
  8.747   19.892   36.439   8.747   19.892   36.439   0.000
  -25.549   -16.678   -5.271   -25.549   -16.678   -5.271   0.000
  33.339   14.305   -21.293   33.339   14.305   -21.293   0.000
  -21.323   -18.123   -3.181   -21.323   -18.123   -3.181   0.000
  3.646   -17.344   -7.005   3.646   -17.344   -7.005   0.000
  -8.316   10.936   -2.039   -8.316   10.936   -2.039   0.000
  1.277   -10.099   21.515   1.277   -10.099   21.515   0.000
  -14.475   5.502   22.752   -14.475   5.502   22.752   0.000
  35.732   -1.297   14.327   35.732   -1.297   14.327   0.000
  17.036   16.318   56.557   17.036   16.318   56.557   0.000
  -32.310   -16.171   -34.683   -32.310   -16.171   -34.683   0.000
  43.765   0.021   -3.115   43.765   0.021   -3.115   0.000
  5.531   -17.387   -17.174   5.531   -17.387   -17.174   0.000
  29.398   -12.269   -30.167   29.398   -12.269   -30.167   0.000
  18.120   -4.048   40.291   18.120   -4.048   40.291   0.000
  11.497   -14.822   -22.957   11.497   -14.822   -22.957   0.000
  -13.969   3.371   -38.714   -13.969   3.371   -38.714   0.000
  30.074   -19.977   -23.401   30.074   -19.977   -23.401   0.000
  -14.654   0.735   16.819   -14.654   0.735   16.819   0.000
  2.993   -18.773   -23.828   2.993   -18.773   -23.828   0.000
  -35.542   -1.651   -20.702   -35.542   -1.651   -20.702   0.000
  -16.361   2.635   -5.751   -16.361   2.635   -5.751   0.000
  -4.060   -12.082   -44.141   -4.060   -12.082   -44.141   0.000
  3.904   -6.648   -25.883   3.904   -6.648   -25.883   0.000
  -2.011   13.417   62.627   -2.011   13.417   62.627   0.000
  -15.308   -15.144   -44.133   -15.308   -15.144   -44.133   0.000
  26.403   -17.646   -28.754   26.403   -17.646   -28.754   0.000
  -15.067   -12.217   -45.256   -15.067   -12.217   -45.256   0.000
  28.419   17.992   11.963   28.419   17.992   11.963   0.000
  4.922   -18.381   -9.619   4.922   -18.381   -9.619   0.000
  -9.684   -5.266   48.742   -9.684   -5.266   48.742   0.000
  15.998   3.457   -24.043   15.998   3.457   -24.043   0.000
  -20.002   -9.412   -43.883   -20.002   -9.412   -43.883   0.000
  -35.068   -5.161   -34.473   -35.068   -5.161   -34.473   0.000
  -29.147   -21.893   -37.961   -29.147   -21.893   -37.961   0.000
  27.318   -17.195   -4.511   27.318   -17.195   -4.511   0.000
  17.797   -6.254   35.441   17.797   -6.254   35.441   0.000
  -19.609   14.862   33.115   -19.609   14.862   33.115   0.000
  14.218   -8.178   34.245   14.218   -8.178   34.245   0.000
  9.856   21.000   61.487   9.856   21.000   61.487   0.000
  -0.786   25.411   19.629   -0.786   25.411   19.629   0.000
  -4.463   -16.261   -4.616   -4.463   -16.261   -4.616   0.000
  -17.328   5.755   -14.080   -17.328   5.755   -14.080   0.000
  23.716   11.343   34.206   23.716   11.343   34.206   0.000
  9.193   0.365   65.202   9.193   0.365   65.202   0.000
  13.694   4.077   65.569   13.694   4.077   65.569   0.000
  18.334   17.599   28.163   18.334   17.599   28.163   0.000
  -4.829   -8.866   -43.948   -4.829   -8.866   -43.948   0.000
  19.228   -15.268   -2.431   19.228   -15.268   -2.431   0.000
  -3.421   24.331   12.501   -3.421   24.331   12.501   0.000
  -0.390   10.545   -12.932   -0.390   10.545   -12.932   0.000
  -21.286   -15.469   -43.227   -21.286   -15.469   -43.227   0.000
  -5.796   -20.853   -10.238   -5.796   -20.853   -10.238   0.000
  32.319   16.256   -21.250   32.319   16.256   -21.250   0.000
  -6.757   -7.477   37.280   -6.757   -7.477   37.280   0.000
  -3.243   -13.123   11.778   -3.243   -13.123   11.778   0.000
  32.504   -3.950   15.608   32.504   -3.950   15.608   0.000
  -20.900   -16.069   -43.267   -20.900   -16.069   -43.267   0.000
  -7.527   13.272   63.112   -7.527   13.272   63.112   0.000
  14.777   -10.715   17.855   14.777   -10.715   17.855   0.000
  -0.307   25.034   18.344   -0.307   25.034   18.344   0.000
  35.700   -13.371   -6.625   35.700   -13.371   -6.625   0.000
  2.701   -10.364   -32.680   2.701   -10.364   -32.680   0.000
  23.978   17.553   17.974   23.978   17.553   17.974   0.000
  -9.999   -5.727   57.025   -9.999   -5.727   57.025   0.000
  -10.238   8.624   -4.323   -10.238   8.624   -4.323   0.000
  -5.656   -9.512   -44.233   -5.656   -9.512   -44.233   0.000
  -9.090   23.084   39.868   -9.090   23.084   39.868   0.000
  -8.670   0.464   -40.155   -8.670   0.464   -40.155   0.000
  4.013   -5.406   65.474   4.013   -5.406   65.474   0.000
  -10.219   -5.599   54.348   -10.219   -5.599   54.348   0.000
  -12.067   -16.733   -44.703   -12.067   -16.733   -44.703   0.000
  -11.109   8.753   63.368   -11.109   8.753   63.368   0.000
  -12.102   -14.144   -45.523   -12.102   -14.144   -45.523   0.000
  -3.771   -21.766   -14.063   -3.771   -21.766   -14.063   0.000
  36.093   -11.405   -1.488   36.093   -11.405   -1.488   0.000
  -6.888   -1.735   63.549   -6.888   -1.735   63.549   0.000
  14.160   15.690   -34.847   14.160   15.690   -34.847   0.000
  -14.689   -14.717   -43.690   -14.689   -14.717   -43.690   0.000
  -16.500   -0.366   -41.681   -16.500   -0.366   -41.681   0.000
  29.545   20.197   -12.889   29.545   20.197   -12.889   0.000
  -21.119   5.399   -35.853   -21.119   5.399   -35.853   0.000
  -9.626   -4.540   43.893   -9.626   -4.540   43.893   0.000
  31.409   19.015   -13.761   31.409   19.015   -13.761   0.000
  -31.995   -11.994   -38.125   -31.995   -11.994   -38.125   0.000
  33.088   15.015   12.582   33.088   15.015   12.582   0.000
  -12.255   15.854   55.240   -12.255   15.854   55.240   0.000
  -31.775   -24.971   -30.876   -31.775   -24.971   -30.876   0.000
  -13.784   24.441   36.070   -13.784   24.441   36.070   0.000
  -13.327   24.942   33.884   -13.327   24.942   33.884   0.000
  -30.220   -27.995   -16.420   -30.220   -27.995   -16.420   0.000
  -35.148   -21.168   -33.678   -35.148   -21.168   -33.678   0.000
  -12.306   -6.851   -44.080   -12.306   -6.851   -44.080   0.000
  -6.072   26.342   22.521   -6.072   26.342   22.521   0.000
  -6.821   -17.482   -5.715   -6.821   -17.482   -5.715   0.000
  -1.466   -6.528   -41.410   -1.466   -6.528   -41.410   0.000
  -3.668   -29.128   -32.478   -3.668   -29.128   -32.478   0.000
  -35.328   -16.669   -32.514   -35.328   -16.669   -32.514   0.000
  27.208   18.538   11.871   27.208   18.538   11.871   0.000
  43.390   2.850   -3.044   43.390   2.850   -3.044   0.000
  -3.320   -11.184   -43.888   -3.320   -11.184   -43.888   0.000
  -28.275   -22.265   -6.818   -28.275   -22.265   -6.818   0.000
  -20.240   23.131   27.603   -20.240   23.131   27.603   0.000
  5.265   24.671   12.386   5.265   24.671   12.386   0.000
  -14.947   11.894   37.248   -14.947   11.894   37.248   0.000
  -12.955   -32.378   -14.306   -12.955   -32.378   -14.306   0.000
  -25.353   -29.918   -14.383   -25.353   -29.918   -14.383   0.000
  5.366   -3.908   65.543   5.366   -3.908   65.543   0.000
  3.650   -14.484   -22.921   3.650   -14.484   -22.921   0.000
  -6.749   25.340   30.731   -6.749   25.340   30.731   0.000
  5.672   -8.444   57.880   5.672   -8.444   57.880   0.000
  26.820   -19.679   -8.749   26.820   -19.679   -8.749   0.000
  -35.373   -23.307   -29.857   -35.373   -23.307   -29.857   0.000
  36.264   12.283   13.393   36.264   12.283   13.393   0.000
  -11.449   -7.899   22.391   -11.449   -7.899   22.391   0.000
  16.562   -21.415   -14.800   16.562   -21.415   -14.800   0.000
  15.081   4.351   -19.442   15.081   4.351   -19.442   0.000
  -1.897   5.394   -27.053   -1.897   5.394   -27.053   0.000
  12.592   19.174   31.199   12.592   19.174   31.199   0.000
  12.621   -12.110   9.394   12.621   -12.110   9.394   0.000
  4.764   -11.362   11.306   4.764   -11.362   11.306   0.000
  -10.135   -11.393   5.066   -10.135   -11.393   5.066   0.000
  -6.794   8.747   -24.564   -6.794   8.747   -24.564   0.000
  35.161   3.802   -21.960   35.161   3.802   -21.960   0.000
  -38.208   -19.132   -19.321   -38.208   -19.132   -19.321   0.000
  10.146   13.796   -15.962   10.146   13.796   -15.962   0.000
  15.676   19.114   -33.870   15.676   19.114   -33.870   0.000
  -6.925   -28.073   -37.291   -6.925   -28.073   -37.291   0.000
  -4.890   -8.065   35.885   -4.890   -8.065   35.885   0.000
  19.815   9.503   52.597   19.815   9.503   52.597   0.000
  -3.062   24.419   28.733   -3.062   24.419   28.733   0.000
  -5.115   -30.662   -31.508   -5.115   -30.662   -31.508   0.000
  -5.283   11.530   -6.195   -5.283   11.530   -6.195   0.000
  -16.178   9.695   -29.542   -16.178   9.695   -29.542   0.000
  13.824   18.653   59.463   13.824   18.653   59.463   0.000
  9.207   10.626   -13.827   9.207   10.626   -13.827   0.000
  -35.984   -22.262   -18.403   -35.984   -22.262   -18.403   0.000
  14.913   17.607   62.420   14.913   17.607   62.420   0.000
  -22.339   4.417   -15.721   -22.339   4.417   -15.721   0.000
  -38.653   -18.863   -26.888   -38.653   -18.863   -26.888   0.000
  -25.459   -30.797   -16.560   -25.459   -30.797   -16.560   0.000
  14.426   21.260   16.072   14.426   21.260   16.072   0.000
  -33.153   -1.004   -13.987   -33.153   -1.004   -13.987   0.000
  10.270   -5.731   57.502   10.270   -5.731   57.502   0.000
  22.720   -18.593   -27.114   22.720   -18.593   -27.114   0.000
  34.508   -13.059   1.042   34.508   -13.059   1.042   0.000
  -11.123   -21.651   -42.562   -11.123   -21.651   -42.562   0.000
  0.541   -8.757   58.200   0.541   -8.757   58.200   0.000
  23.457   10.616   36.154   23.457   10.616   36.154   0.000
  -39.272   -16.045   -20.380   -39.272   -16.045   -20.380   0.000
  19.974   12.926   49.731   19.974   12.926   49.731   0.000
  17.854   13.498   62.831   17.854   13.498   62.831   0.000
  -17.963   14.909   36.631   -17.963   14.909   36.631   0.000
  -1.976   -9.234   54.777   -1.976   -9.234   54.777   0.000
  40.641   7.958   4.638   40.641   7.958   4.638   0.000
  -19.263   20.693   19.551   -19.263   20.693   19.551   0.000
  21.737   21.951   -29.482   21.737   21.951   -29.482   0.000
  -37.349   -13.280   -14.716   -37.349   -13.280   -14.716   0.000
  -13.374   10.934   59.114   -13.374   10.934   59.114   0.000
  -37.868   -15.924   -31.143   -37.868   -15.924   -31.143   0.000
  -32.240   1.781   -15.077   -32.240   1.781   -15.077   0.000
  -33.253   -0.002   -14.493   -33.253   -0.002   -14.493   0.000
  37.424   13.101   -0.606   37.424   13.101   -0.606   0.000
  12.413   11.137   -18.480   12.413   11.137   -18.480   0.000
  -31.182   -13.801   -38.703   -31.182   -13.801   -38.703   0.000
  15.348   4.503   64.715   15.348   4.503   64.715   0.000
  1.611   -21.627   -29.986   1.611   -21.627   -29.986   0.000
  -31.426   2.014   -15.396   -31.426   2.014   -15.396   0.000
  -14.024   10.980   37.231   -14.024   10.980   37.231   0.000
  -13.392   8.951   -32.538   -13.392   8.951   -32.538   0.000
  -13.576   -3.324   19.642   -13.576   -3.324   19.642   0.000
  -12.961   5.276   53.192   -12.961   5.276   53.192   0.000
  -35.462   -22.990   -30.401   -35.462   -22.990   -30.401   0.000
  9.724   25.390   -4.075   9.724   25.390   -4.075   0.000
  -15.650   -12.428   -44.626   -15.650   -12.428   -44.626   0.000
  36.001   -10.228   8.063   36.001   -10.228   8.063   0.000
  7.423   -9.396   -25.042   7.423   -9.396   -25.042   0.000
  31.595   2.142   -32.241   31.595   2.142   -32.241   0.000
  -4.395   8.681   -14.494   -4.395   8.681   -14.494   0.000
  -8.662   19.736   54.213   -8.662   19.736   54.213   0.000
  -12.878   13.454   57.005   -12.878   13.454   57.005   0.000
  -9.862   -33.103   -29.139   -9.862   -33.103   -29.139   0.000
  15.322   15.321   -34.920   15.322   15.321   -34.920   0.000
  4.111   -15.383   -20.491   4.111   -15.383   -20.491   0.000
  14.653   7.753   -27.072   14.653   7.753   -27.072   0.000
  3.441   23.737   18.593   3.441   23.737   18.593   0.000
  21.542   -14.253   0.674   21.542   -14.253   0.674   0.000
  0.778   -22.626   -35.577   0.778   -22.626   -35.577   0.000
  -3.390   -24.244   -15.516   -3.390   -24.244   -15.516   0.000
  -40.092   -15.676   -30.173   -40.092   -15.676   -30.173   0.000
  -17.280   24.166   34.156   -17.280   24.166   34.156   0.000
  -31.596   3.782   -25.781   -31.596   3.782   -25.781   0.000
  -21.766   -13.592   -3.320   -21.766   -13.592   -3.320   0.000
  -2.289   -11.862   -43.378   -2.289   -11.862   -43.378   0.000
  -13.982   -0.507   20.760   -13.982   -0.507   20.760   0.000
  -7.979   -6.709   52.970   -7.979   -6.709   52.970   0.000
  17.046   0.296   51.507   17.046   0.296   51.507   0.000
  -16.330   -0.834   5.864   -16.330   -0.834   5.864   0.000
  35.361   9.356   -22.424   35.361   9.356   -22.424   0.000
  -9.235   -5.801   54.521   -9.235   -5.801   54.521   0.000
  -7.225   -11.194   17.334   -7.225   -11.194   17.334   0.000
  32.726   16.969   -16.174   32.726   16.969   -16.174   0.000
  -24.746   -32.232   -21.982   -24.746   -32.232   -21.982   0.000
  -29.392   -3.383   -10.574   -29.392   -3.383   -10.574   0.000
  -15.826   6.873   -35.274   -15.826   6.873   -35.274   0.000
  0.671   -11.919   13.065   0.671   -11.919   13.065   0.000
  -9.604   19.038   10.627   -9.604   19.038   10.627   0.000
  -7.936   19.401   56.573   -7.936   19.401   56.573   0.000
  -11.144   23.351   15.089   -11.144   23.351   15.089   0.000
  -35.152   -10.954   -33.361   -35.152   -10.954   -33.361   0.000
  -39.986   -13.331   -22.049   -39.986   -13.331   -22.049   0.000
  15.619   23.732   -17.678   15.619   23.732   -17.678   0.000
  -12.383   12.228   9.006   -12.383   12.228   9.006   0.000
  -26.231   -0.369   -14.181   -26.231   -0.369   -14.181   0.000
  -25.986   -17.467   -5.240   -25.986   -17.467   -5.240   0.000
  16.597   24.375   -13.677   16.597   24.375   -13.677   0.000
  -6.929   21.433   9.282   -6.929   21.433   9.282   0.000
  33.314   5.193   -28.273   33.314   5.193   -28.273   0.000
  12.173   15.366   -33.824   12.173   15.366   -33.824   0.000
  -0.078   3.755   -24.136   -0.078   3.755   -24.136   0.000
  40.197   0.450   9.896   40.197   0.450   9.896   0.000
  28.022   14.789   17.226   28.022   14.789   17.226   0.000
  -12.787   15.633   53.809   -12.787   15.633   53.809   0.000
  -21.978   -30.555   -33.390   -21.978   -30.555   -33.390   0.000
  -3.786   -8.649   46.116   -3.786   -8.649   46.116   0.000
  -34.086   -19.524   -34.359   -34.086   -19.524   -34.359   0.000
  -12.643   11.014   -25.774   -12.643   11.014   -25.774   0.000
  32.799   -13.068   -25.331   32.799   -13.068   -25.331   0.000
  6.407   -11.100   12.635   6.407   -11.100   12.635   0.000
  39.641   0.642   10.364   39.641   0.642   10.364   0.000
  24.164   -20.629   -9.267   24.164   -20.629   -9.267   0.000
  4.431   -9.447   40.127   4.431   -9.447   40.127   0.000
  -19.809   9.138   -29.267   -19.809   9.138   -29.267   0.000
  38.584   5.962   11.408   38.584   5.962   11.408   0.000
  31.324   14.971   -24.079   31.324   14.971   -24.079   0.000
  -36.156   -21.177   -16.340   -36.156   -21.177   -16.340   0.000
  -6.893   25.944   27.019   -6.893   25.944   27.019   0.000
  -27.577   4.737   -18.119   -27.577   4.737   -18.119   0.000
  -16.632   1.982   1.008   -16.632   1.982   1.008   0.000
  -1.713   -26.169   -34.078   -1.713   -26.169   -34.078   0.000
  -3.109   6.354   -23.559   -3.109   6.354   -23.559   0.000
  -3.441   -25.762   -37.094   -3.441   -25.762   -37.094   0.000
  3.379   21.292   34.248   3.379   21.292   34.248   0.000
  -0.159   -9.147   46.632   -0.159   -9.147   46.632   0.000
  -2.941   -12.136   14.848   -2.941   -12.136   14.848   0.000
  -1.678   -14.130   2.086   -1.678   -14.130   2.086   0.000
  4.127   15.597   64.208   4.127   15.597   64.208   0.000
  -34.595   -21.366   -13.215   -34.595   -21.366   -13.215   0.000
  14.998   6.902   -22.662   14.998   6.902   -22.662   0.000
  -10.360   -28.185   -8.546   -10.360   -28.185   -8.546   0.000
  -12.910   6.717   51.322   -12.910   6.717   51.322   0.000
  11.792   -3.777   58.948   11.792   -3.777   58.948   0.000
  -5.315   21.033   47.385   -5.315   21.033   47.385   0.000
  5.425   -18.237   -15.216   5.425   -18.237   -15.216   0.000
  -17.069   9.072   -18.937   -17.069   9.072   -18.937   0.000
  -33.039   -22.578   -12.092   -33.039   -22.578   -12.092   0.000
  31.270   -14.701   -26.439   31.270   -14.701   -26.439   0.000
  -19.552   3.062   -12.570   -19.552   3.062   -12.570   0.000
  -12.811   26.919   25.850   -12.811   26.919   25.850   0.000
  -39.304   -5.784   -29.144   -39.304   -5.784   -29.144   0.000
  1.797   4.556   -20.808   1.797   4.556   -20.808   0.000
  -18.902   9.925   -28.002   -18.902   9.925   -28.002   0.000
  25.307   12.227   -32.382   25.307   12.227   -32.382   0.000
  -16.426   -12.851   -45.314   -16.426   -12.851   -45.314   0.000
  8.753   -12.450   6.272   8.753   -12.450   6.272   0.000
  29.967   17.455   11.412   29.967   17.455   11.412   0.000
  41.393   -0.787   -11.167   41.393   -0.787   -11.167   0.000
  -12.470   -30.633   -11.479   -12.470   -30.633   -11.479   0.000
  -17.471   -4.471   1.857   -17.471   -4.471   1.857   0.000
  24.047   -6.340   23.380   24.047   -6.340   23.380   0.000
  4.172   -18.146   -28.709   4.172   -18.146   -28.709   0.000
  1.675   20.548   46.841   1.675   20.548   46.841   0.000
  -18.701   10.130   -25.621   -18.701   10.130   -25.621   0.000
  31.970   16.933   -20.697   31.970   16.933   -20.697   0.000
  -9.332   11.626   1.821   -9.332   11.626   1.821   0.000
  -28.851   5.699   -18.170   -28.851   5.699   -18.170   0.000
  4.625   23.010   21.574   4.625   23.010   21.574   0.000
  5.156   -18.349   -9.562   5.156   -18.349   -9.562   0.000
  10.597   -11.056   -23.972   10.597   -11.056   -23.972   0.000
  -12.306   -4.236   -43.381   -12.306   -4.236   -43.381   0.000
  28.611   20.351   0.477   28.611   20.351   0.477   0.000
  32.863   -18.393   -15.753   32.863   -18.393   -15.753   0.000
  41.801   5.039   6.343   41.801   5.039   6.343   0.000
  35.774   13.737   -9.826   35.774   13.737   -9.826   0.000
  -13.727   12.592   39.754   -13.727   12.592   39.754   0.000
  -33.434   -8.517   -37.709   -33.434   -8.517   -37.709   0.000
  2.349   19.714   -4.689   2.349   19.714   -4.689   0.000
  1.786   -21.900   -33.054   1.786   -21.900   -33.054   0.000
  -31.707   -27.054   -17.780   -31.707   -27.054   -17.780   0.000
  31.816   9.506   16.949   31.816   9.506   16.949   0.000
  -13.338   7.580   -16.533   -13.338   7.580   -16.533   0.000
  -23.737   -20.479   -4.425   -23.737   -20.479   -4.425   0.000
  0.299   2.631   -24.817   0.299   2.631   -24.817   0.000
  -7.538   21.572   46.162   -7.538   21.572   46.162   0.000
  37.967   8.820   12.751   37.967   8.820   12.751   0.000
  40.473   -2.968   -12.908   40.473   -2.968   -12.908   0.000
  22.988   6.061   37.262   22.988   6.061   37.262   0.000
  11.378   23.087   -14.212   11.378   23.087   -14.212   0.000
  -21.319   -13.580   -3.220   -21.319   -13.580   -3.220   0.000
  -17.711   4.630   -37.771   -17.711   4.630   -37.771   0.000
  -10.665   26.888   24.917   -10.665   26.888   24.917   0.000
  7.033   -10.388   -25.282   7.033   -10.388   -25.282   0.000
  -9.177   -12.175   4.988   -9.177   -12.175   4.988   0.000
  11.927   -19.995   -14.291   11.927   -19.995   -14.291   0.000
  -24.968   -32.253   -21.261   -24.968   -32.253   -21.261   0.000
  16.785   -9.861   22.566   16.785   -9.861   22.566   0.000
  -4.112   -5.086   64.314   -4.112   -5.086   64.314   0.000
  32.990   17.269   8.520   32.990   17.269   8.520   0.000
  -34.900   -1.005   -29.536   -34.900   -1.005   -29.536   0.000
  31.363   13.750   14.002   31.363   13.750   14.002   0.000
  -2.892   20.940   4.859   -2.892   20.940   4.859   0.000
  1.380   19.035   63.829   1.380   19.035   63.829   0.000
  -14.076   -34.564   -21.775   -14.076   -34.564   -21.775   0.000
  6.750   -15.702   -20.568   6.750   -15.702   -20.568   0.000
  13.002   -11.467   -24.025   13.002   -11.467   -24.025   0.000
  2.704   -18.127   -17.118   2.704   -18.127   -17.118   0.000
  -24.820   -29.691   -13.871   -24.820   -29.691   -13.871   0.000
  22.541   18.184   18.214   22.541   18.184   18.214   0.000
  25.224   18.059   13.473   25.224   18.059   13.473   0.000
  36.529   12.347   13.321   36.529   12.347   13.321   0.000
  -36.271   -6.020   -33.747   -36.271   -6.020   -33.747   0.000
  -34.451   -4.523   -34.927   -34.451   -4.523   -34.927   0.000
  3.158   -12.224   -35.873   3.158   -12.224   -35.873   0.000
  13.054   25.471   -6.565   13.054   25.471   -6.565   0.000
  -9.072   -26.921   -8.009   -9.072   -26.921   -8.009   0.000
  -17.850   0.745   -40.537   -17.850   0.745   -40.537   0.000
  -31.685   -0.684   -33.758   -31.685   -0.684   -33.758   0.000
  -7.005   -12.791   -44.711   -7.005   -12.791   -44.711   0.000
  -3.646   -17.372   -42.357   -3.646   -17.372   -42.357   0.000
  -38.722   -4.919   -25.890   -38.722   -4.919   -25.890   0.000
  -31.917   -3.311   -36.103   -31.917   -3.311   -36.103   0.000
  37.525   -11.644   -10.506   37.525   -11.644   -10.506   0.000
  42.485   -1.918   8.544   42.485   -1.918   8.544   0.000
  3.686   -4.835   65.450   3.686   -4.835   65.450   0.000
  -36.492   -1.777   -24.989   -36.492   -1.777   -24.989   0.000
  -2.361   20.869   3.966   -2.361   20.869   3.966   0.000
  1.381   1.196   -24.527   1.381   1.196   -24.527   0.000
  -29.985   -21.477   -7.737   -29.985   -21.477   -7.737   0.000
  -10.447   21.745   13.028   -10.447   21.745   13.028   0.000
  -32.009   -5.440   -37.447   -32.009   -5.440   -37.447   0.000
  -28.784   0.419   -15.260   -28.784   0.419   -15.260   0.000
  -28.465   -16.482   -5.006   -28.465   -16.482   -5.006   0.000
  -13.855   5.841   -10.239   -13.855   5.841   -10.239   0.000
  36.030   -9.552   -15.497   36.030   -9.552   -15.497   0.000
  24.924   22.372   -5.333   24.924   22.372   -5.333   0.000
  -1.109   1.125   -29.888   -1.109   1.125   -29.888   0.000
  37.802   10.299   -9.797   37.802   10.299   -9.797   0.000
  -7.766   9.179   -24.921   -7.766   9.179   -24.921   0.000
  -21.732   -32.868   -17.734   -21.732   -32.868   -17.734   0.000