150, PA5-A-Output.txt, 6
76.6341  -37.1834   -9.9843  159.6028  -33.5675  101.9273
  -10.334   13.059   45.327   -10.334   13.059   45.327   0.000
  -13.189   8.061   -10.707   -13.189   8.061   -10.707   0.000
  -2.181   -12.129   -0.918   -2.181   -12.129   -0.918   0.000
  2.257   24.801   13.284   2.257   24.801   13.284   0.000
  25.449   1.584   52.816   25.449   1.584   52.816   0.000
  -8.226   13.682   60.627   -8.226   13.682   60.627   0.000
  0.119   -6.419   58.163   0.119   -6.419   58.163   0.000
  27.747   12.350   42.133   27.747   12.350   42.133   0.000
  13.814   13.229   -33.766   13.814   13.229   -33.766   0.000
  20.594   22.395   -0.458   20.594   22.395   -0.458   0.000
  -10.130   1.047   46.281   -10.130   1.047   46.281   0.000
  17.560   0.713   -29.334   17.560   0.713   -29.334   0.000
  -16.173   7.474   22.730   -16.173   7.474   22.730   0.000
  12.699   -4.996   65.563   12.699   -4.996   65.563   0.000
  -17.015   1.790   16.174   -17.015   1.790   16.174   0.000
  -18.702   -28.800   -32.907   -18.702   -28.800   -32.907   0.000
  30.609   -5.297   -26.395   30.609   -5.297   -26.395   0.000
  1.961   24.975   7.866   1.961   24.975   7.866   0.000
  -16.965   6.192   -4.722   -16.965   6.192   -4.722   0.000
  27.368   -1.791   38.645   27.368   -1.791   38.645   0.000
  -13.846   -26.084   -37.663   -13.846   -26.084   -37.663   0.000
  -21.098   9.158   -27.080   -21.098   9.158   -27.080   0.000
  19.814   2.494   -32.528   19.814   2.494   -32.528   0.000
  -4.098   18.670   62.791   -4.098   18.670   62.791   0.000
  5.551   -7.297   52.035   5.551   -7.297   52.035   0.000
  -9.111   2.119   58.382   -9.111   2.119   58.382   0.000
  -9.052   17.208   6.870   -9.052   17.208   6.870   0.000
  -18.018   6.539   3.942   -18.018   6.539   3.942   0.000
  -15.361   9.619   -23.153   -15.361   9.619   -23.153   0.000
  -7.107   7.818   -26.346   -7.107   7.818   -26.346   0.000
  20.895   -11.189   -2.066   20.895   -11.189   -2.066   0.000
  34.450   -11.322   -2.308   34.450   -11.322   -2.308   0.000
  -32.152   -21.616   -14.093   -32.152   -21.616   -14.093   0.000
  0.960   -7.887   -33.511   0.960   -7.887   -33.511   0.000
  -18.156   5.132   -1.681   -18.156   5.132   -1.681   0.000
  -3.459   -6.016   41.431   -3.459   -6.016   41.431   0.000
  -5.705   -3.781   59.183   -5.705   -3.781   59.183   0.000
  -29.095   -19.890   -10.117   -29.095   -19.890   -10.117   0.000
  43.034   4.944   7.739   43.034   4.944   7.739   0.000
  -4.845   -19.067   -26.771   -4.845   -19.067   -26.771   0.000
  -13.526   8.696   -31.427   -13.526   8.696   -31.427   0.000
  -14.983   9.068   -19.379   -14.983   9.068   -19.379   0.000
  3.155   -15.458   -12.757   3.155   -15.458   -12.757   0.000
  -15.268   6.929   -36.870   -15.268   6.929   -36.870   0.000
  34.467   9.556   -14.909   34.467   9.556   -14.909   0.000
  -10.597   7.586   -16.750   -10.597   7.586   -16.750   0.000
  26.764   20.568   -11.148   26.764   20.568   -11.148   0.000
  8.094   12.255   -17.687   8.094   12.255   -17.687   0.000
  -9.305   -11.020   1.273   -9.305   -11.020   1.273   0.000
  16.376   -14.158   -20.936   16.376   -14.158   -20.936   0.000
  -33.392   -10.570   -9.880   -33.392   -10.570   -9.880   0.000
  36.883   -8.984   10.239   36.883   -8.984   10.239   0.000
  -0.462   16.934   -9.163   -0.462   16.934   -9.163   0.000
  -8.980   23.724   15.531   -8.980   23.724   15.531   0.000
  23.424   -7.766   18.442   23.424   -7.766   18.442   0.000
  19.831   -3.806   62.998   19.831   -3.806   62.998   0.000
  20.920   -9.874   3.356   20.920   -9.874   3.356   0.000
  -9.027   1.808   54.072   -9.027   1.808   54.072   0.000
  -12.173   13.233   6.472   -12.173   13.233   6.472   0.000
  -5.140   -11.854   -0.213   -5.140   -11.854   -0.213   0.000
  -37.592   -10.207   -17.052   -37.592   -10.207   -17.052   0.000
  27.555   2.205   44.541   27.555   2.205   44.541   0.000
  3.044   23.402   25.857   3.044   23.402   25.857   0.000
  -4.544   -19.399   -30.611   -4.544   -19.399   -30.611   0.000
  21.743   -13.326   -6.437   21.743   -13.326   -6.437   0.000
  -28.108   -7.547   -8.171   -28.108   -7.547   -8.171   0.000
  30.454   5.041   34.584   30.454   5.041   34.584   0.000
  -2.407   0.234   -32.824   -2.407   0.234   -32.824   0.000
  22.807   21.499   -17.200   22.807   21.499   -17.200   0.000
  18.713   19.202   47.612   18.713   19.202   47.612   0.000
  -9.167   5.286   64.673   -9.167   5.286   64.673   0.000
  30.035   6.568   35.024   30.035   6.568   35.024   0.000
  24.803   -5.251   -30.445   24.803   -5.251   -30.445   0.000
  40.345   -3.517   -12.915   40.345   -3.517   -12.915   0.000
  22.011   12.830   -31.000   22.011   12.830   -31.000   0.000
  -29.720   -6.820   -9.139   -29.720   -6.820   -9.139   0.000
  -33.180   -23.658   -29.247   -33.180   -23.658   -29.247   0.000
  -4.851   21.118   52.057   -4.851   21.118   52.057   0.000
  11.957   24.519   0.755   11.957   24.519   0.755   0.000
  28.111   17.897   10.651   28.111   17.897   10.651   0.000
  17.574   -7.947   14.129   17.574   -7.947   14.129   0.000
  35.744   -9.582   1.736   35.744   -9.582   1.736   0.000
  -3.057   -8.190   -44.281   -3.057   -8.190   -44.281   0.000
  -29.157   -3.843   -39.946   -29.157   -3.843   -39.946   0.000
  9.126   9.880   -11.911   9.126   9.880   -11.911   0.000
  -4.814   5.694   -33.191   -4.814   5.694   -33.191   0.000
  25.338   15.158   49.812   25.338   15.158   49.812   0.000
  26.266   -3.633   -31.429   26.266   -3.633   -31.429   0.000
  -8.010   17.051   54.293   -8.010   17.051   54.293   0.000
  -12.156   20.736   40.423   -12.156   20.736   40.423   0.000
  14.985   23.429   5.269   14.985   23.429   5.269   0.000
  -16.057   -7.436   -45.175   -16.057   -7.436   -45.175   0.000
  -33.648   4.813   -21.181   -33.648   4.813   -21.181   0.000
  39.358   1.385   14.837   39.358   1.385   14.837   0.000
  -20.129   -29.793   -30.115   -20.129   -29.793   -30.115   0.000
  10.112   -9.799   -23.301   10.112   -9.799   -23.301   0.000
  1.922   21.871   45.557   1.922   21.871   45.557   0.000
  -36.240   -15.374   -36.147   -36.240   -15.374   -36.147   0.000
  12.162   -16.639   -11.604   12.162   -16.639   -11.604   0.000
  -10.868   -9.223   9.680   -10.868   -9.223   9.680   0.000
  -11.742   -3.040   -42.814   -11.742   -3.040   -42.814   0.000
  -13.148   8.410   -7.845   -13.148   8.410   -7.845   0.000
  23.960   -12.839   -6.197   23.960   -12.839   -6.197   0.000
  -9.026   12.358   58.380   -9.026   12.358   58.380   0.000
  17.424   -2.009   66.250   17.424   -2.009   66.250   0.000
  30.597   -9.826   12.407   30.597   -9.826   12.407   0.000
  -33.711   4.687   -25.686   -33.711   4.687   -25.686   0.000
  11.054   23.562   11.077   11.054   23.562   11.077   0.000
  8.275   23.083   17.159   8.275   23.083   17.159   0.000
  -29.700   -26.133   -22.972   -29.700   -26.133   -22.972   0.000
  -32.204   3.765   -30.651   -32.204   3.765   -30.651   0.000
  -3.613   -3.437   65.353   -3.613   -3.437   65.353   0.000
  14.294   -13.394   -20.618   14.294   -13.394   -20.618   0.000
  -13.414   9.254   -24.088   -13.414   9.254   -24.088   0.000
  25.254   -13.807   -28.773   25.254   -13.807   -28.773   0.000
  -6.680   -11.407   1.882   -6.680   -11.407   1.882   0.000
  16.229   20.742   62.017   16.229   20.742   62.017   0.000
  -30.846   -7.836   -8.868   -30.846   -7.836   -8.868   0.000
  31.232   12.380   -19.105   31.232   12.380   -19.105   0.000
  24.191   21.683   -3.759   24.191   21.683   -3.759   0.000
  -3.858   -17.565   -39.302   -3.858   -17.565   -39.302   0.000
  -7.281   -11.124   3.755   -7.281   -11.124   3.755   0.000
  33.247   -10.757   -18.134   33.247   -10.757   -18.134   0.000
  21.089   19.878   17.090   21.089   19.878   17.090   0.000
  -4.787   -21.022   -36.288   -4.787   -21.022   -36.288   0.000
  -4.329   5.870   -24.258   -4.329   5.870   -24.258   0.000
  -19.866   -24.202   -9.916   -19.866   -24.202   -9.916   0.000
  26.165   14.411   36.923   26.165   14.411   36.923   0.000
  29.538   7.331   -26.273   29.538   7.331   -26.273   0.000
  -39.659   -16.789   -33.637   -39.659   -16.789   -33.637   0.000
  26.900   10.974   51.965   26.900   10.974   51.965   0.000
  38.821   5.578   -7.991   38.821   5.578   -7.991   0.000
  20.442   18.486   51.885   20.442   18.486   51.885   0.000
  23.335   -17.367   -23.202   23.335   -17.367   -23.202   0.000
  -21.341   16.658   22.365   -21.341   16.658   22.365   0.000
  10.626   -7.785   7.795   10.626   -7.785   7.795   0.000
  26.306   21.136   2.349   26.306   21.136   2.349   0.000
  1.199   21.374   57.140   1.199   21.374   57.140   0.000
  41.219   -0.075   -14.134   41.219   -0.075   -14.134   0.000
  -27.486   -25.285   -35.954   -27.486   -25.285   -35.954   0.000
  24.813   -2.846   45.211   24.813   -2.846   45.211   0.000
  -10.581   -11.171   -44.672   -10.581   -11.171   -44.672   0.000
  -37.434   -1.811   -19.646   -37.434   -1.811   -19.646   0.000
  5.819   -13.119   -21.468   5.819   -13.119   -21.468   0.000
  30.876   18.864   -2.165   30.876   18.864   -2.165   0.000
  12.655   -16.885   -9.966   12.655   -16.885   -9.966   0.000
  24.724   -14.476   -7.899   24.724   -14.476   -7.899   0.000
  -6.892   19.692   6.834   -6.892   19.692   6.834   0.000
  -7.010   23.291   12.700   -7.010   23.291   12.700   0.000
  -11.254   -13.441   -6.789   -11.254   -13.441   -6.789   0.000